0.00130	-0.00981	364805.00000
0.04792	-0.01015	364984.00000
0.10052	-0.00942	365186.00000
0.15026	-0.01040	365377.00000
0.20052	-0.00971	365570.00000
0.25000	-0.00981	365760.00000
0.29948	-0.00979	365950.00000
0.34974	-0.00956	366143.00000
0.39974	-0.00920	366335.00000
0.44896	-0.00992	366524.00000
0.49948	-0.00985	366718.00000
0.54974	-0.00961	366911.00000
0.59948	-0.01010	367102.00000
0.64922	-0.00945	367293.00000
0.69818	-0.00931	367481.00000
0.74766	-0.00921	367671.00000
0.79948	-0.00920	367870.00000
0.84974	-0.00959	368063.00000
0.89844	-0.00927	368250.00000
0.94974	-0.00996	368447.00000
1.00000	-0.01042	368640.00000
1.05000	-0.00937	368832.00000
1.09948	-0.00916	369022.00000
1.14922	-0.00958	369213.00000
1.19922	-0.00969	369405.00000
1.24922	-0.00975	369597.00000
1.29870	-0.00951	369787.00000
1.34922	-0.00976	369981.00000
1.39922	-0.00905	370173.00000
1.44844	-0.01013	370362.00000
1.49948	-0.00963	370558.00000
1.55026	-0.00985	370753.00000
1.59974	-0.00993	370943.00000
1.64948	-0.00912	371134.00000
1.70078	-0.00953	371331.00000
1.74974	-0.00943	371519.00000
1.80104	-0.00907	371716.00000
1.85052	-0.00920	371906.00000
1.90026	-0.00942	372097.00000
1.95052	-0.00992	372290.00000
2.00104	-0.01022	372484.00000
2.05156	-0.01007	372678.00000
2.10156	-0.01023	372870.00000
2.14974	-0.00954	373055.00000
2.20156	-0.00983	373254.00000
2.24922	-0.00988	373437.00000
2.30078	-0.00970	373635.00000
2.35130	-0.00961	373829.00000
2.40130	-0.00923	374021.00000
2.45104	-0.00992	374212.00000
2.50104	-0.01002	374404.00000
2.55078	-0.00972	374595.00000
2.60026	-0.01003	374785.00000
2.65234	-0.00955	374985.00000
2.70078	-0.00990	375171.00000
2.75104	-0.00943	375364.00000
2.79974	-0.01038	375551.00000
2.85312	-0.00982	375756.00000
2.90104	-0.00973	375940.00000
2.95026	-0.00984	376129.00000
3.00182	-0.00948	376327.00000
3.05026	-0.01008	376513.00000
3.09896	-0.00888	376700.00000
3.15104	-0.00936	376900.00000
3.20234	-0.00949	377097.00000
3.25260	-0.00959	377290.00000
3.30156	-0.01080	377478.00000
3.34922	-0.00977	377661.00000
3.40208	-0.00963	377864.00000
3.45052	-0.00991	378050.00000
3.50286	-0.01002	378251.00000
3.55234	-0.00999	378441.00000
3.60339	-0.00944	378637.00000
3.65339	-0.00975	378829.00000
3.70313	-0.00926	379020.00000
3.75339	-0.00917	379213.00000
3.80182	-0.01014	379399.00000
3.85443	-0.01004	379601.00000
3.90078	-0.01012	379779.00000
3.95547	-0.01009	379989.00000
4.00078	-0.00955	380163.00000
4.05339	-0.00960	380365.00000
4.10286	-0.00957	380555.00000
4.15234	-0.00902	380745.00000
4.20521	-0.01006	380948.00000
4.24948	-0.00972	381118.00000
4.30156	-0.00973	381318.00000
4.35547	-0.01082	381525.00000
4.40391	-0.01018	381711.00000
4.45365	-0.01005	381902.00000
4.50182	-0.00952	382087.00000
4.55312	-0.00936	382284.00000
4.60521	-0.00955	382484.00000
4.65078	-0.00966	382659.00000
4.70313	-0.00952	382860.00000
4.75547	-0.00941	383061.00000
4.80417	-0.00991	383248.00000
4.85156	-0.00967	383430.00000
4.90286	-0.00983	383627.00000
4.95026	-0.00982	383809.00000
5.00391	-0.01025	384015.00000
5.05521	-0.01037	384212.00000
5.10078	-0.01000	384387.00000
5.15339	-0.00959	384589.00000
5.20469	-0.00959	384786.00000
5.25260	-0.01013	384970.00000
5.30312	-0.00948	385164.00000
5.35391	-0.01036	385359.00000
5.40443	-0.01005	385553.00000
5.45156	-0.01038	385734.00000
5.50547	-0.00987	385941.00000
5.55495	-0.01011	386131.00000
5.60469	-0.00999	386322.00000
5.65469	-0.01027	386514.00000
5.70469	-0.01147	386706.00000
5.75443	-0.00984	386897.00000
5.80391	-0.01105	387087.00000
5.85469	-0.01115	387282.00000
5.90521	-0.01046	387476.00000
5.95599	-0.01044	387671.00000
6.00625	-0.01076	387864.00000
6.05599	-0.01037	388055.00000
6.10599	-0.01023	388247.00000
6.15625	-0.01088	388440.00000
6.20651	-0.01057	388633.00000
6.25651	-0.01071	388825.00000
6.30677	-0.01105	389018.00000
6.35625	-0.01098	389208.00000
6.40599	-0.01136	389399.00000
6.45625	-0.01181	389592.00000
6.50625	-0.01098	389784.00000
6.55573	-0.01030	389974.00000
6.60599	-0.01059	390167.00000
6.65651	-0.01144	390361.00000
6.70599	-0.01085	390551.00000
6.75547	-0.01017	390741.00000
6.80547	-0.01043	390933.00000
6.85547	-0.01122	391125.00000
6.90599	-0.01181	391319.00000
6.95547	-0.01011	391509.00000
7.00521	-0.01096	391700.00000
7.05495	-0.01150	391891.00000
7.10443	-0.01149	392081.00000
7.15313	-0.01139	392268.00000
7.20417	-0.01101	392464.00000
7.25521	-0.01196	392660.00000
7.30625	-0.01156	392856.00000
7.35755	-0.01070	393053.00000
7.40599	-0.01132	393239.00000
7.45729	-0.01163	393436.00000
7.50625	-0.01133	393624.00000
7.55599	-0.01152	393815.00000
7.60547	-0.01152	394005.00000
7.65521	-0.01160	394196.00000
7.70547	-0.01097	394389.00000
7.75599	-0.01062	394583.00000
7.80547	-0.01061	394773.00000
7.85495	-0.01114	394963.00000
7.90495	-0.01134	395155.00000
7.95573	-0.01096	395350.00000
8.00651	-0.01200	395545.00000
8.05625	-0.01198	395736.00000
8.10599	-0.01165	395927.00000
8.15625	-0.01208	396120.00000
8.20547	-0.01204	396309.00000
8.25495	-0.01242	396499.00000
8.30286	-0.01246	396683.00000
8.35495	-0.01183	396883.00000
8.40521	-0.01115	397076.00000
8.45469	-0.01075	397266.00000
8.50495	-0.01185	397459.00000
8.55625	-0.01202	397656.00000
8.60521	-0.01103	397844.00000
8.65443	-0.01175	398033.00000
8.70417	-0.01189	398224.00000
8.75443	-0.01163	398417.00000
8.80573	-0.01178	398614.00000
8.85495	-0.01164	398803.00000
8.90547	-0.01163	398997.00000
8.95521	-0.01249	399188.00000
9.00573	-0.01181	399382.00000
9.05469	-0.01215	399570.00000
9.10495	-0.01211	399763.00000
9.15599	-0.01232	399959.00000
9.20573	-0.01176	400150.00000
9.25521	-0.01232	400340.00000
9.30651	-0.01229	400537.00000
9.35625	-0.01288	400728.00000
9.40625	-0.01280	400920.00000
9.45573	-0.01240	401110.00000
9.50677	-0.01277	401306.00000
9.55651	-0.01229	401497.00000
9.60729	-0.01228	401692.00000
9.65755	-0.01246	401885.00000
9.70755	-0.01236	402077.00000
9.75833	-0.01272	402272.00000
9.80833	-0.01266	402464.00000
9.85833	-0.01196	402656.00000
9.90807	-0.01301	402847.00000
9.95807	-0.01259	403039.00000
10.00833	-0.01311	403232.00000
10.05885	-0.01204	403426.00000
10.10859	-0.01262	403617.00000
10.15885	-0.01279	403810.00000
10.20885	-0.01204	404002.00000
10.25833	-0.01189	404192.00000
10.30859	-0.01278	404385.00000
10.35807	-0.01244	404575.00000
10.40833	-0.01279	404768.00000
10.45833	-0.01263	404960.00000
10.50885	-0.01270	405154.00000
10.55859	-0.01251	405345.00000
10.60807	-0.01281	405535.00000
10.65729	-0.01289	405724.00000
10.70755	-0.01314	405917.00000
10.75729	-0.01283	406108.00000
10.80703	-0.01232	406299.00000
10.85677	-0.01212	406490.00000
10.90703	-0.01257	406683.00000
10.95755	-0.01273	406877.00000
11.00677	-0.01237	407066.00000
11.05599	-0.01303	407255.00000
11.10625	-0.01313	407448.00000
11.15495	-0.01224	407635.00000
11.20391	-0.01244	407823.00000
11.25443	-0.01253	408017.00000
11.30443	-0.01301	408209.00000
11.35521	-0.01199	408404.00000
11.40573	-0.01245	408598.00000
11.45573	-0.01330	408790.00000
11.50495	-0.01323	408979.00000
11.55495	-0.01271	409171.00000
11.60547	-0.01344	409365.00000
11.65417	-0.01311	409552.00000
11.70313	-0.01310	409740.00000
11.75339	-0.01268	409933.00000
11.80312	-0.01283	410124.00000
11.85339	-0.01260	410317.00000
11.90443	-0.01323	410513.00000
11.95443	-0.01226	410705.00000
12.00469	-0.01249	410898.00000
12.05547	-0.01312	411093.00000
12.10599	-0.01227	411287.00000
12.15599	-0.01280	411479.00000
12.20469	-0.01285	411666.00000
12.25391	-0.01278	411855.00000
12.30391	-0.01302	412047.00000
12.35417	-0.01336	412240.00000
12.40365	-0.01284	412430.00000
12.45495	-0.01276	412627.00000
12.50469	-0.01294	412818.00000
12.55521	-0.01257	413012.00000
12.60547	-0.01361	413205.00000
12.65573	-0.01248	413398.00000
12.70573	-0.01317	413590.00000
12.75625	-0.01308	413784.00000
12.80599	-0.01278	413975.00000
12.85651	-0.01249	414169.00000
12.90677	-0.01266	414362.00000
12.95677	-0.01229	414554.00000
13.00703	-0.01314	414747.00000
13.05729	-0.01267	414940.00000
13.10729	-0.01326	415132.00000
13.15703	-0.01280	415323.00000
13.20703	-0.01278	415515.00000
13.25703	-0.01258	415707.00000
13.30729	-0.01338	415900.00000
13.35729	-0.01329	416092.00000
13.40677	-0.01310	416282.00000
13.45677	-0.01322	416474.00000
13.50677	-0.01243	416666.00000
13.55677	-0.01276	416858.00000
13.60625	-0.01247	417048.00000
13.65651	-0.01222	417241.00000
13.70651	-0.01213	417433.00000
13.75651	-0.01205	417625.00000
13.80677	-0.01228	417818.00000
13.85651	-0.01237	418009.00000
13.90677	-0.01174	418202.00000
13.95599	-0.01230	418391.00000
14.00573	-0.01192	418582.00000
14.05573	-0.01246	418774.00000
14.10547	-0.01244	418965.00000
14.15469	-0.01222	419154.00000
14.20521	-0.01254	419348.00000
14.25625	-0.01241	419544.00000
14.30625	-0.01241	419736.00000
14.35625	-0.01205	419928.00000
14.40781	-0.01270	420126.00000
14.45755	-0.01184	420317.00000
14.50781	-0.01229	420510.00000
14.55755	-0.01248	420701.00000
14.60807	-0.01250	420895.00000
14.65755	-0.01204	421085.00000
14.70755	-0.01151	421277.00000
14.75703	-0.01180	421467.00000
14.80677	-0.01204	421658.00000
14.85729	-0.01216	421852.00000
14.90651	-0.01209	422041.00000
14.95651	-0.01248	422233.00000
15.00677	-0.01237	422426.00000
15.05547	-0.01220	422613.00000
15.10547	-0.01246	422805.00000
15.15495	-0.01230	422995.00000
15.20495	-0.01234	423187.00000
15.25417	-0.01259	423376.00000
15.30391	-0.01224	423567.00000
15.35391	-0.01187	423759.00000
15.40469	-0.01240	423954.00000
15.45417	-0.01241	424144.00000
15.50443	-0.01221	424337.00000
15.55495	-0.01257	424531.00000
15.60495	-0.01236	424723.00000
15.65443	-0.01208	424913.00000
15.70391	-0.01259	425103.00000
15.75417	-0.01251	425296.00000
15.80443	-0.01305	425489.00000
15.85495	-0.01234	425683.00000
15.90469	-0.01234	425874.00000
15.95443	-0.01163	426065.00000
16.00313	-0.01187	426252.00000
16.05365	-0.01148	426446.00000
16.10365	-0.01092	426638.00000
16.15469	-0.01167	426834.00000
16.20521	-0.01109	427028.00000
16.25521	-0.01141	427220.00000
16.30521	-0.01101	427412.00000
16.35443	-0.01069	427601.00000
16.40495	-0.01118	427795.00000
16.45599	-0.01105	427991.00000
16.50521	-0.01114	428180.00000
16.55495	-0.01136	428371.00000
16.60469	-0.01141	428562.00000
16.65469	-0.01117	428754.00000
16.70443	-0.01160	428945.00000
16.75260	-0.01188	429130.00000
16.80417	-0.01203	429328.00000
16.85469	-0.01178	429522.00000
16.90443	-0.01176	429713.00000
16.95443	-0.01162	429905.00000
17.00417	-0.01173	430096.00000
17.05443	-0.01189	430289.00000
17.10443	-0.01181	430481.00000
17.15495	-0.01213	430675.00000
17.20495	-0.01194	430867.00000
17.25469	-0.01178	431058.00000
17.30313	-0.01173	431244.00000
17.35443	-0.01212	431441.00000
17.40547	-0.01213	431637.00000
17.45417	-0.01141	431824.00000
17.50469	-0.01152	432018.00000
17.55495	-0.01179	432211.00000
17.60391	-0.01183	432399.00000
17.65365	-0.01232	432590.00000
17.70417	-0.01180	432784.00000
17.75495	-0.01221	432979.00000
17.80443	-0.01221	433169.00000
17.85443	-0.01138	433361.00000
17.90469	-0.01133	433554.00000
17.95182	-0.01196	433735.00000
18.00208	-0.01146	433928.00000
18.05286	-0.01154	434123.00000
18.10469	-0.01145	434322.00000
18.15130	-0.01164	434501.00000
18.20729	-0.01149	434716.00000
18.25651	-0.01157	434905.00000
18.30599	-0.01155	435095.00000
18.35625	-0.01098	435288.00000
18.40469	-0.01027	435474.00000
18.45495	-0.01090	435667.00000
18.50417	-0.01105	435856.00000
18.55547	-0.01120	436053.00000
18.60573	-0.01019	436246.00000
18.65443	-0.00964	436433.00000
18.70417	-0.01020	436624.00000
18.75495	-0.01055	436819.00000
18.80443	-0.01038	437009.00000
18.85286	-0.01028	437195.00000
18.90365	-0.01067	437390.00000
18.95417	-0.01119	437584.00000
19.00417	-0.01146	437776.00000
19.05495	-0.01102	437971.00000
19.10391	-0.01094	438159.00000
19.15391	-0.01082	438351.00000
19.20443	-0.01090	438545.00000
19.25417	-0.01123	438736.00000
19.30391	-0.01078	438927.00000
19.35365	-0.01080	439118.00000
19.40156	-0.01050	439302.00000
19.45339	-0.01027	439501.00000
19.50443	-0.01064	439697.00000
19.55313	-0.01041	439884.00000
19.60391	-0.01042	440079.00000
19.65365	-0.00956	440270.00000
19.70391	-0.01038	440463.00000
19.75313	-0.01020	440652.00000
19.80443	-0.01005	440849.00000
19.85495	-0.00984	441043.00000
19.90417	-0.01016	441232.00000
19.95391	-0.00977	441423.00000
20.00391	-0.00955	441615.00000
20.05365	-0.00998	441806.00000
20.10417	-0.01081	442000.00000
20.15521	-0.01058	442196.00000
20.20365	-0.00990	442382.00000
20.25417	-0.01011	442576.00000
20.30339	-0.01029	442765.00000
20.35260	-0.01001	442954.00000
20.40312	-0.01010	443148.00000
20.45339	-0.01011	443341.00000
20.50286	-0.01012	443531.00000
20.55339	-0.01002	443725.00000
20.60391	-0.01034	443919.00000
20.65365	-0.01022	444110.00000
20.70339	-0.01057	444301.00000
20.75391	-0.01091	444495.00000
20.80391	-0.01091	444687.00000
20.85339	-0.01172	444877.00000
20.90234	-0.01282	445065.00000
20.95260	-0.01459	445258.00000
21.00156	-0.01531	445446.00000
21.05365	-0.01876	445646.00000
21.10391	-0.02258	445839.00000
21.15417	-0.02717	446032.00000
21.20547	-0.03552	446229.00000
21.25625	-0.04634	446424.00000
21.30599	-0.05763	446615.00000
21.35625	-0.07110	446808.00000
21.40651	-0.08289	447001.00000
21.45755	-0.09207	447197.00000
21.50781	-0.09554	447390.00000
21.55729	-0.08906	447580.00000
21.60729	-0.07241	447772.00000
21.65755	-0.04622	447965.00000
21.70781	-0.01467	448158.00000
21.75755	0.01770	448349.00000
21.80729	0.04673	448540.00000
21.85781	0.06962	448734.00000
21.90755	0.08423	448925.00000
21.95755	0.09055	449117.00000
22.00755	0.08934	449309.00000
22.05703	0.08115	449499.00000
22.10781	0.06837	449694.00000
22.15703	0.05177	449883.00000
22.20677	0.03483	450074.00000
22.25703	0.01811	450267.00000
22.30599	0.00542	450455.00000
22.35547	-0.00639	450645.00000
22.40625	-0.01520	450840.00000
22.45651	-0.02119	451033.00000
22.50391	-0.02476	451215.00000
22.55651	-0.02609	451417.00000
22.60729	-0.02648	451612.00000
22.65651	-0.02729	451801.00000
22.70677	-0.02709	451994.00000
22.75781	-0.02671	452190.00000
22.80755	-0.02712	452381.00000
22.85755	-0.02734	452573.00000
22.90755	-0.02718	452765.00000
22.95677	-0.02680	452954.00000
23.00703	-0.02521	453147.00000
23.05755	-0.02469	453341.00000
23.10729	-0.02275	453532.00000
23.15781	-0.02065	453726.00000
23.20729	-0.01890	453916.00000
23.25807	-0.01816	454111.00000
23.30807	-0.01635	454303.00000
23.35833	-0.01549	454496.00000
23.40807	-0.01544	454687.00000
23.45807	-0.01533	454879.00000
23.50781	-0.01599	455070.00000
23.55807	-0.01593	455263.00000
23.60833	-0.01619	455456.00000
23.65781	-0.01542	455646.00000
23.70781	-0.01542	455838.00000
23.75781	-0.01421	456030.00000
23.80781	-0.01368	456222.00000
23.85729	-0.01214	456412.00000
23.90755	-0.01114	456605.00000
23.95755	-0.01072	456797.00000
24.00729	-0.01097	456988.00000
24.05703	-0.01059	457179.00000
24.10625	-0.01114	457368.00000
24.15599	-0.01063	457559.00000
24.20755	-0.01153	457757.00000
24.25781	-0.01129	457950.00000
24.30833	-0.01153	458144.00000
24.35755	-0.01128	458333.00000
24.40729	-0.01129	458524.00000
24.45755	-0.01132	458717.00000
24.50807	-0.01169	458911.00000
24.55781	-0.01239	459102.00000
24.60781	-0.01252	459294.00000
24.65755	-0.01213	459485.00000
24.70729	-0.01242	459676.00000
24.75729	-0.01302	459868.00000
24.80703	-0.01269	460059.00000
24.85755	-0.01135	460253.00000
24.90729	-0.01051	460444.00000
24.95677	-0.01084	460634.00000
25.00729	-0.00962	460828.00000
25.05755	-0.00949	461021.00000
25.10859	-0.00885	461217.00000
25.15911	-0.00941	461411.00000
25.20911	-0.01037	461603.00000
25.25807	-0.01130	461791.00000
25.30885	-0.01265	461986.00000
25.35885	-0.01308	462178.00000
25.40859	-0.01295	462369.00000
25.45859	-0.01405	462561.00000
25.50859	-0.01524	462753.00000
25.55885	-0.01528	462946.00000
25.60885	-0.01512	463138.00000
25.65911	-0.01492	463331.00000
25.70911	-0.01476	463523.00000
25.75807	-0.01424	463711.00000
25.80807	-0.01472	463903.00000
25.85833	-0.01458	464096.00000
25.90807	-0.01496	464287.00000
25.95833	-0.01495	464480.00000
26.00807	-0.01581	464671.00000
26.05781	-0.01478	464862.00000
26.10781	-0.01514	465054.00000
26.15781	-0.01479	465246.00000
26.20755	-0.01495	465437.00000
26.25781	-0.01464	465630.00000
26.30781	-0.01371	465822.00000
26.35703	-0.01334	466011.00000
26.40651	-0.01265	466201.00000
26.45729	-0.01358	466396.00000
26.50677	-0.01277	466586.00000
26.55677	-0.01268	466778.00000
26.60677	-0.01214	466970.00000
26.65599	-0.01229	467159.00000
26.70547	-0.01256	467349.00000
26.75599	-0.01313	467543.00000
26.80625	-0.01214	467736.00000
26.85573	-0.01216	467926.00000
26.90365	-0.01288	468110.00000
26.95391	-0.01200	468303.00000
27.00521	-0.01312	468500.00000
27.05417	-0.01382	468688.00000
27.10469	-0.01400	468882.00000
27.15495	-0.01508	469075.00000
27.20521	-0.01520	469268.00000
27.25469	-0.01558	469458.00000
27.30547	-0.01696	469653.00000
27.35547	-0.01700	469845.00000
27.40573	-0.01762	470038.00000
27.45469	-0.01686	470226.00000
27.50495	-0.01631	470419.00000
27.55521	-0.01523	470612.00000
27.60547	-0.01224	470805.00000
27.65521	-0.00897	470996.00000
27.70547	-0.00474	471189.00000
27.75599	0.00306	471383.00000
27.80625	0.01289	471576.00000
27.85651	0.02166	471769.00000
27.90651	0.03177	471961.00000
27.95651	0.04031	472153.00000
28.00573	0.04849	472342.00000
28.05547	0.05199	472533.00000
28.10443	0.04807	472721.00000
28.15651	0.03874	472921.00000
28.20599	0.02390	473111.00000
28.25599	0.00516	473303.00000
28.30625	-0.01467	473496.00000
28.35573	-0.03457	473686.00000
28.40651	-0.05070	473881.00000
28.45573	-0.06130	474070.00000
28.50521	-0.06745	474260.00000
28.55495	-0.06829	474451.00000
28.60547	-0.06527	474645.00000
28.65599	-0.05979	474839.00000
28.70521	-0.05294	475028.00000
28.75547	-0.04468	475221.00000
28.80443	-0.03517	475409.00000
28.85495	-0.02698	475603.00000
28.90469	-0.02105	475794.00000
28.95365	-0.01610	475982.00000
29.00443	-0.01270	476177.00000
29.05573	-0.00998	476374.00000
29.10547	-0.00735	476565.00000
29.15469	-0.00541	476754.00000
29.20521	-0.00534	476948.00000
29.25599	-0.00547	477143.00000
29.30599	-0.00507	477335.00000
29.35547	-0.00466	477525.00000
29.40547	-0.00449	477717.00000
29.45391	-0.00505	477903.00000
29.50391	-0.00628	478095.00000
29.55443	-0.00691	478289.00000
29.60495	-0.00842	478483.00000
29.65495	-0.00896	478675.00000
29.70417	-0.01039	478864.00000
29.75443	-0.01105	479057.00000
29.80417	-0.01198	479248.00000
29.85417	-0.01223	479440.00000
29.90391	-0.01315	479631.00000
29.95443	-0.01368	479825.00000
30.00521	-0.01299	480020.00000
30.05417	-0.01332	480208.00000
30.10469	-0.01302	480402.00000
30.15573	-0.01262	480598.00000
30.20547	-0.01341	480789.00000
30.25495	-0.01228	480979.00000
30.30573	-0.01351	481174.00000
30.35469	-0.01395	481362.00000
30.40573	-0.01505	481558.00000
30.45625	-0.01476	481752.00000
30.50599	-0.01525	481943.00000
30.55651	-0.01591	482137.00000
30.60651	-0.01669	482329.00000
30.65651	-0.01757	482521.00000
30.70677	-0.01766	482714.00000
30.75599	-0.01850	482903.00000
30.80573	-0.01922	483094.00000
30.85547	-0.01905	483285.00000
30.90573	-0.01985	483478.00000
30.95599	-0.02093	483671.00000
31.00625	-0.02102	483864.00000
31.05521	-0.02158	484052.00000
31.10521	-0.02281	484244.00000
31.15391	-0.02370	484431.00000
31.20443	-0.02476	484625.00000
31.25495	-0.02648	484819.00000
31.30443	-0.02810	485009.00000
31.35495	-0.02935	485203.00000
31.40521	-0.03183	485396.00000
31.45469	-0.03411	485586.00000
31.50469	-0.03593	485778.00000
31.55495	-0.03894	485971.00000
31.60521	-0.04153	486164.00000
31.65521	-0.04356	486356.00000
31.70547	-0.04617	486549.00000
31.75651	-0.04861	486745.00000
31.80651	-0.05068	486937.00000
31.85625	-0.05215	487128.00000
31.90625	-0.05332	487320.00000
31.95547	-0.05402	487509.00000
32.00573	-0.05263	487702.00000
32.05625	-0.05052	487896.00000
32.10625	-0.04450	488088.00000
32.15703	-0.03614	488283.00000
32.20755	-0.02305	488477.00000
32.25755	-0.00478	488669.00000
32.30807	0.02046	488863.00000
32.35859	0.05168	489057.00000
32.40833	0.08952	489248.00000
32.45807	0.12837	489439.00000
32.50833	0.16962	489632.00000
32.55833	0.20759	489824.00000
32.60833	0.23685	490016.00000
32.65859	0.25633	490209.00000
32.70859	0.25948	490401.00000
32.75833	0.24767	490592.00000
32.80625	0.21964	490776.00000
32.85677	0.18084	490970.00000
32.90651	0.13293	491161.00000
32.95677	0.08097	491354.00000
33.00703	0.03288	491547.00000
33.05703	-0.01200	491739.00000
33.10781	-0.04781	491934.00000
33.15755	-0.07585	492125.00000
33.20755	-0.09652	492317.00000
33.25755	-0.10865	492509.00000
33.30703	-0.11435	492699.00000
33.35755	-0.11432	492893.00000
33.40755	-0.11148	493085.00000
33.45807	-0.10553	493279.00000
33.50807	-0.09859	493471.00000
33.55755	-0.09159	493661.00000
33.60755	-0.08346	493853.00000
33.65729	-0.07728	494044.00000
33.70807	-0.06982	494239.00000
33.75833	-0.06413	494432.00000
33.80833	-0.05798	494624.00000
33.85755	-0.05228	494813.00000
33.90807	-0.04579	495007.00000
33.95755	-0.04066	495197.00000
34.00833	-0.03532	495392.00000
34.05651	-0.03081	495577.00000
34.10677	-0.02672	495770.00000
34.15755	-0.02356	495965.00000
34.21016	-0.02204	496167.00000
34.25807	-0.02177	496351.00000
34.30755	-0.02153	496541.00000
34.35833	-0.02187	496736.00000
34.40677	-0.02299	496922.00000
34.45807	-0.02355	497119.00000
34.50729	-0.02507	497308.00000
34.55729	-0.02518	497500.00000
34.60833	-0.02576	497696.00000
34.65703	-0.02519	497883.00000
34.70755	-0.02523	498077.00000
34.75703	-0.02477	498267.00000
34.80703	-0.02447	498459.00000
34.85781	-0.02489	498654.00000
34.90729	-0.02596	498844.00000
34.95599	-0.02645	499031.00000
35.00677	-0.02748	499226.00000
35.05651	-0.03001	499417.00000
35.10625	-0.03063	499608.00000
35.15599	-0.03213	499799.00000
35.20599	-0.03212	499991.00000
35.25521	-0.03311	500180.00000
35.30469	-0.03290	500370.00000
35.35391	-0.03307	500559.00000
35.40443	-0.03282	500753.00000
35.45547	-0.03239	500949.00000
35.50521	-0.03142	501140.00000
35.55495	-0.03126	501331.00000
35.60599	-0.03052	501527.00000
35.65573	-0.03024	501718.00000
35.70625	-0.03023	501912.00000
35.75729	-0.03051	502108.00000
35.80781	-0.02987	502302.00000
35.85547	-0.03034	502485.00000
35.90625	-0.02980	502680.00000
35.95573	-0.03135	502870.00000
36.00625	-0.03206	503064.00000
36.05677	-0.03340	503258.00000
36.10573	-0.03531	503446.00000
36.15703	-0.03710	503643.00000
36.20781	-0.03861	503838.00000
36.25807	-0.04036	504031.00000
36.30833	-0.04140	504224.00000
36.35807	-0.04267	504415.00000
36.40729	-0.04259	504604.00000
36.45677	-0.04357	504794.00000
36.50677	-0.04388	504986.00000
36.55703	-0.04373	505179.00000
36.60755	-0.04379	505373.00000
36.65703	-0.04400	505563.00000
36.70677	-0.04428	505754.00000
36.75703	-0.04520	505947.00000
36.80677	-0.04628	506138.00000
36.85703	-0.04780	506331.00000
36.90703	-0.04831	506523.00000
36.95677	-0.05059	506714.00000
37.00625	-0.05335	506904.00000
37.05677	-0.05833	507098.00000
37.10677	-0.06340	507290.00000
37.15599	-0.07111	507479.00000
37.20651	-0.07977	507673.00000
37.25625	-0.09080	507864.00000
37.30599	-0.10108	508055.00000
37.35495	-0.11123	508243.00000
37.40469	-0.12027	508434.00000
37.45417	-0.12695	508624.00000
37.50547	-0.13032	508821.00000
37.55599	-0.12984	509015.00000
37.60651	-0.12486	509209.00000
37.65651	-0.11488	509401.00000
37.70521	-0.10038	509588.00000
37.75521	-0.08064	509780.00000
37.80495	-0.05588	509971.00000
37.85599	-0.02673	510167.00000
37.90651	0.00404	510361.00000
37.95625	0.03653	510552.00000
38.00625	0.06975	510744.00000
38.05625	0.10031	510936.00000
38.10599	0.12723	511127.00000
38.15573	0.15019	511318.00000
38.20599	0.16735	511511.00000
38.25625	0.17864	511704.00000
38.30573	0.18330	511894.00000
38.35625	0.18223	512088.00000
38.40625	0.17619	512280.00000
38.45651	0.16596	512473.00000
38.50625	0.15337	512664.00000
38.55651	0.13805	512857.00000
38.60625	0.12252	513048.00000
38.65625	0.10728	513240.00000
38.70599	0.09270	513431.00000
38.75625	0.07888	513624.00000
38.80703	0.06619	513819.00000
38.85703	0.05546	514011.00000
38.90755	0.04530	514205.00000
38.95807	0.03549	514399.00000
39.00755	0.02777	514589.00000
39.05781	0.02034	514782.00000
39.10781	0.01399	514974.00000
39.15781	0.00796	515166.00000
39.20833	0.00342	515360.00000
39.25859	-0.00041	515553.00000
39.30911	-0.00289	515747.00000
39.35859	-0.00522	515937.00000
39.40885	-0.00561	516130.00000
39.45859	-0.00630	516321.00000
39.50859	-0.00658	516513.00000
39.55859	-0.00712	516705.00000
39.60729	-0.00668	516892.00000
39.65781	-0.00672	517086.00000
39.70807	-0.00642	517279.00000
39.75781	-0.00572	517470.00000
39.80859	-0.00473	517665.00000
39.85807	-0.00332	517855.00000
39.90859	-0.00161	518049.00000
39.95859	0.00078	518241.00000
40.00807	0.00397	518431.00000
40.05781	0.00714	518622.00000
40.10755	0.01161	518813.00000
40.15703	0.01516	519003.00000
40.20703	0.01853	519195.00000
40.25729	0.02361	519388.00000
40.30781	0.02855	519582.00000
40.35755	0.03363	519773.00000
40.40781	0.03960	519966.00000
40.45729	0.04609	520156.00000
40.50703	0.05349	520347.00000
40.55703	0.06149	520539.00000
40.60755	0.07057	520733.00000
40.65677	0.07829	520922.00000
40.70703	0.08553	521115.00000
40.75729	0.09110	521308.00000
40.80625	0.09570	521496.00000
40.85703	0.09704	521691.00000
40.90677	0.09736	521882.00000
40.95651	0.09476	522073.00000
41.00599	0.09088	522263.00000
41.05599	0.08474	522455.00000
41.10599	0.07760	522647.00000
41.15625	0.06914	522840.00000
41.20625	0.05965	523032.00000
41.25703	0.04970	523227.00000
41.30677	0.03829	523418.00000
41.35677	0.02602	523610.00000
41.40729	0.01390	523804.00000
41.45651	0.00043	523993.00000
41.50573	-0.01395	524182.00000
41.55495	-0.02878	524371.00000
41.60547	-0.04332	524565.00000
41.65677	-0.05735	524762.00000
41.70729	-0.07029	524956.00000
41.75781	-0.08200	525150.00000
41.80703	-0.09147	525339.00000
41.85703	-0.10020	525531.00000
41.90781	-0.10710	525726.00000
41.95807	-0.11239	525919.00000
42.00859	-0.11577	526113.00000
42.05833	-0.11858	526304.00000
42.10833	-0.12024	526496.00000
42.15833	-0.11939	526688.00000
42.20859	-0.11934	526881.00000
42.25755	-0.11775	527069.00000
42.30781	-0.11576	527262.00000
42.35755	-0.11326	527453.00000
42.40807	-0.10947	527647.00000
42.45807	-0.10555	527839.00000
42.50729	-0.10132	528028.00000
42.55833	-0.09695	528224.00000
42.60833	-0.09067	528416.00000
42.65859	-0.08427	528609.00000
42.70859	-0.07830	528801.00000
42.75807	-0.07192	528991.00000
42.80859	-0.06530	529185.00000
42.85807	-0.05958	529375.00000
42.90885	-0.05337	529570.00000
42.95885	-0.04855	529762.00000
43.00937	-0.04363	529956.00000
43.05911	-0.03943	530147.00000
43.10911	-0.03611	530339.00000
43.15911	-0.03385	530531.00000
43.20938	-0.03152	530724.00000
43.25911	-0.02968	530915.00000
43.30859	-0.02843	531105.00000
43.35885	-0.02796	531298.00000
43.40807	-0.02784	531487.00000
43.45911	-0.02735	531683.00000
43.50911	-0.02735	531875.00000
43.55885	-0.02812	532066.00000
43.60885	-0.02864	532258.00000
43.65885	-0.02947	532450.00000
43.70859	-0.02942	532641.00000
43.75885	-0.02954	532834.00000
43.80938	-0.02998	533028.00000
43.85911	-0.03014	533219.00000
43.90807	-0.03050	533407.00000
43.95885	-0.03002	533602.00000
44.01016	-0.02904	533799.00000
44.05938	-0.02826	533988.00000
44.11068	-0.02692	534185.00000
44.15937	-0.02539	534372.00000
44.20938	-0.02362	534564.00000
44.25859	-0.02227	534753.00000
44.30964	-0.02051	534949.00000
44.35938	-0.01950	535140.00000
44.40885	-0.01766	535330.00000
44.45938	-0.01633	535524.00000
44.50885	-0.01649	535714.00000
44.55833	-0.01530	535904.00000
44.60859	-0.01411	536097.00000
44.65911	-0.01395	536291.00000
44.70885	-0.01272	536482.00000
44.75885	-0.01277	536674.00000
44.80885	-0.01168	536866.00000
44.85885	-0.01055	537058.00000
44.90833	-0.00963	537248.00000
44.95859	-0.00910	537441.00000
45.00885	-0.00860	537634.00000
45.05885	-0.00844	537826.00000
45.10859	-0.00848	538017.00000
45.15833	-0.01008	538208.00000
45.20807	-0.01003	538399.00000
45.25755	-0.01042	538589.00000
45.30703	-0.01202	538779.00000
45.35729	-0.01184	538972.00000
45.40755	-0.01210	539165.00000
45.45599	-0.01273	539351.00000
45.50625	-0.01366	539544.00000
45.55625	-0.01332	539736.00000
45.60964	-0.01236	539941.00000
45.65885	-0.01199	540130.00000
45.71068	-0.01165	540329.00000
45.75990	-0.01132	540518.00000
45.80990	-0.01099	540710.00000
45.85938	-0.00996	540900.00000
45.90911	-0.01035	541091.00000
45.95938	-0.00953	541284.00000
46.00885	-0.00843	541474.00000
46.05859	-0.00793	541665.00000
46.10885	-0.00801	541858.00000
46.15937	-0.00622	542052.00000
46.20833	-0.00578	542240.00000
46.25885	-0.00572	542434.00000
46.30807	-0.00492	542623.00000
46.35990	-0.00499	542822.00000
46.41120	-0.00442	543019.00000
46.46094	-0.00439	543210.00000
46.51042	-0.00424	543400.00000
46.55990	-0.00420	543590.00000
46.60911	-0.00425	543779.00000
46.65937	-0.00446	543972.00000
46.70885	-0.00456	544162.00000
46.75833	-0.00476	544352.00000
46.80885	-0.00489	544546.00000
46.85859	-0.00609	544737.00000
46.90833	-0.00670	544928.00000
46.95833	-0.00739	545120.00000
47.00859	-0.00912	545313.00000
47.05859	-0.00929	545505.00000
47.10781	-0.01022	545694.00000
47.15729	-0.01151	545884.00000
47.20703	-0.01192	546075.00000
47.25755	-0.01251	546269.00000
47.30807	-0.01311	546463.00000
47.35807	-0.01330	546655.00000
47.40807	-0.01275	546847.00000
47.45781	-0.01256	547038.00000
47.50755	-0.01190	547229.00000
47.55677	-0.01155	547418.00000
47.60703	-0.01051	547611.00000
47.65729	-0.00933	547804.00000
47.70651	-0.00871	547993.00000
47.75651	-0.00873	548185.00000
47.80625	-0.00812	548376.00000
47.85625	-0.00778	548568.00000
47.90677	-0.00756	548762.00000
47.95651	-0.00818	548953.00000
48.00677	-0.00792	549146.00000
48.05703	-0.00797	549339.00000
48.10703	-0.00823	549531.00000
48.15625	-0.00834	549720.00000
48.20599	-0.00886	549911.00000
48.25625	-0.00813	550104.00000
48.30599	-0.00863	550295.00000
48.35573	-0.00887	550486.00000
48.40599	-0.00874	550679.00000
48.45599	-0.00852	550871.00000
48.50495	-0.00861	551059.00000
48.55547	-0.00914	551253.00000
48.60651	-0.00900	551449.00000
48.65651	-0.00851	551641.00000
48.70573	-0.00875	551830.00000
48.75573	-0.00829	552022.00000
48.80599	-0.00810	552215.00000
48.85573	-0.00642	552406.00000
48.90573	-0.00419	552598.00000
48.95547	-0.00243	552789.00000
49.00495	-0.00051	552979.00000
49.05469	0.00223	553170.00000
49.10469	0.00473	553362.00000
49.15547	0.00557	553557.00000
49.20573	0.00765	553750.00000
49.25599	0.00795	553943.00000
49.30651	0.00868	554137.00000
49.35625	0.00722	554328.00000
49.40521	0.00637	554516.00000
49.45469	0.00494	554706.00000
49.50521	0.00378	554900.00000
49.55443	0.00117	555089.00000
49.60443	-0.00100	555281.00000
49.65417	-0.00266	555472.00000
49.70339	-0.00384	555661.00000
49.75469	-0.00540	555858.00000
49.80495	-0.00674	556051.00000
49.85495	-0.00729	556243.00000
49.90495	-0.00873	556435.00000
49.95469	-0.00936	556626.00000
50.00521	-0.01006	556820.00000
50.05521	-0.01064	557012.00000
50.10547	-0.01065	557205.00000
50.15521	-0.01108	557396.00000
50.20521	-0.00986	557588.00000
50.25495	-0.00897	557779.00000
50.30495	-0.00867	557971.00000
50.35521	-0.00730	558164.00000
50.40521	-0.00621	558356.00000
50.45443	-0.00672	558545.00000
50.50443	-0.00650	558737.00000
50.55573	-0.00578	558934.00000
50.60547	-0.00692	559125.00000
50.65469	-0.00753	559314.00000
50.70469	-0.00930	559506.00000
50.75521	-0.00985	559700.00000
50.80625	-0.01003	559896.00000
50.85651	-0.01029	560089.00000
50.90625	-0.01108	560280.00000
50.95677	-0.01030	560474.00000
51.00599	-0.00984	560663.00000
51.05599	-0.00941	560855.00000
51.10625	-0.00924	561048.00000
51.15599	-0.00868	561239.00000
51.20599	-0.00859	561431.00000
51.25599	-0.00813	561623.00000
51.30547	-0.00803	561813.00000
51.35573	-0.00795	562006.00000
51.40625	-0.00747	562200.00000
51.45599	-0.00795	562391.00000
51.50599	-0.00807	562583.00000
51.55599	-0.00802	562775.00000
51.60573	-0.00846	562966.00000
51.65599	-0.00919	563159.00000
51.70573	-0.00990	563350.00000
51.75495	-0.01105	563539.00000
51.80521	-0.01117	563732.00000
51.85573	-0.01221	563926.00000
51.90443	-0.01252	564113.00000
51.95443	-0.01248	564305.00000
52.00495	-0.01245	564499.00000
52.05495	-0.01195	564691.00000
52.10443	-0.01224	564881.00000
52.15495	-0.01237	565075.00000
52.20573	-0.01161	565270.00000
52.25495	-0.01176	565459.00000
52.30443	-0.01118	565649.00000
52.35469	-0.01108	565842.00000
52.40208	-0.01219	566024.00000
52.45417	-0.01251	566224.00000
52.50495	-0.01332	566419.00000
52.55469	-0.01309	566610.00000
52.60521	-0.01384	566804.00000
52.65547	-0.01431	566997.00000
52.70625	-0.01371	567192.00000
52.75599	-0.01377	567383.00000
52.80547	-0.01292	567573.00000
52.85547	-0.01335	567765.00000
52.90547	-0.01278	567957.00000
52.95521	-0.01395	568148.00000
53.00469	-0.01396	568338.00000
53.05625	-0.01435	568536.00000
53.10651	-0.01474	568729.00000
53.15651	-0.01507	568921.00000
53.20729	-0.01522	569116.00000
53.25729	-0.01534	569308.00000
53.30703	-0.01595	569499.00000
53.35755	-0.01572	569693.00000
53.40755	-0.01570	569885.00000
53.45729	-0.01594	570076.00000
53.50703	-0.01615	570267.00000
53.55625	-0.01674	570456.00000
53.60729	-0.01733	570652.00000
53.65703	-0.01757	570843.00000
53.70625	-0.01745	571032.00000
53.75625	-0.01875	571224.00000
53.80677	-0.01799	571418.00000
53.85729	-0.01856	571612.00000
53.90729	-0.01847	571804.00000
53.95729	-0.01849	571996.00000
54.00703	-0.01867	572187.00000
54.05677	-0.01863	572378.00000
54.10651	-0.01965	572569.00000
54.15677	-0.01889	572762.00000
54.20651	-0.01950	572953.00000
54.25677	-0.01937	573146.00000
54.30651	-0.02008	573337.00000
54.35599	-0.01874	573527.00000
54.40625	-0.01881	573720.00000
54.45651	-0.01825	573913.00000
54.50677	-0.01857	574106.00000
54.55625	-0.01744	574296.00000
54.60703	-0.01663	574491.00000
54.65781	-0.01496	574686.00000
54.70807	-0.01407	574879.00000
54.75833	-0.01306	575072.00000
54.80781	-0.01193	575262.00000
54.85833	-0.01075	575456.00000
54.90781	-0.01002	575646.00000
54.95807	-0.00906	575839.00000
55.00807	-0.00838	576031.00000
55.05833	-0.00598	576224.00000
55.10833	-0.00676	576416.00000
55.15833	-0.00552	576608.00000
55.20807	-0.00489	576799.00000
55.25859	-0.00448	576993.00000
55.30885	-0.00450	577186.00000
55.35833	-0.00439	577376.00000
55.40833	-0.00482	577568.00000
55.45807	-0.00446	577759.00000
55.50807	-0.00477	577951.00000
55.55807	-0.00531	578143.00000
55.60781	-0.00452	578334.00000
55.65755	-0.00353	578525.00000
55.70755	-0.00409	578717.00000
55.75729	-0.00357	578908.00000
55.80703	-0.00513	579099.00000
55.85703	-0.00578	579291.00000
55.90729	-0.00593	579484.00000
55.95755	-0.00769	579677.00000
56.00755	-0.00798	579869.00000
56.05651	-0.00995	580057.00000
56.10469	-0.01097	580242.00000
56.15625	-0.01150	580440.00000
56.20729	-0.01267	580636.00000
56.25859	-0.01391	580833.00000
56.30703	-0.01500	581019.00000
56.35729	-0.01546	581212.00000
56.40729	-0.01606	581404.00000
56.45703	-0.01581	581595.00000
56.50729	-0.01675	581788.00000
56.55729	-0.01675	581980.00000
56.60729	-0.01728	582172.00000
56.65703	-0.01858	582363.00000
56.70703	-0.01776	582555.00000
56.75625	-0.01741	582744.00000
56.80651	-0.01735	582937.00000
56.85703	-0.01717	583131.00000
56.90651	-0.01706	583321.00000
56.95703	-0.01693	583515.00000
57.00781	-0.01761	583710.00000
57.05833	-0.01757	583904.00000
57.10859	-0.01873	584097.00000
57.15833	-0.01939	584288.00000
57.20677	-0.01940	584474.00000
57.25755	-0.02005	584669.00000
57.30755	-0.01967	584861.00000
57.35859	-0.01950	585057.00000
57.40833	-0.01940	585248.00000
57.45807	-0.01884	585439.00000
57.50807	-0.01782	585631.00000
57.55807	-0.01655	585823.00000
57.60781	-0.01590	586014.00000
57.65677	-0.01597	586202.00000
57.70521	-0.01490	586388.00000
57.75599	-0.01533	586583.00000
57.80755	-0.01520	586781.00000
57.85964	-0.01517	586981.00000
57.90911	-0.01594	587171.00000
57.95990	-0.01502	587366.00000
58.00964	-0.01494	587557.00000
58.05964	-0.01464	587749.00000
58.10859	-0.01495	587937.00000
58.15833	-0.01428	588128.00000
58.20938	-0.01393	588324.00000
58.25964	-0.01358	588517.00000
58.30938	-0.01290	588708.00000
58.35990	-0.01337	588902.00000
58.40911	-0.01243	589091.00000
58.45833	-0.01221	589280.00000
58.50859	-0.01226	589473.00000
58.55990	-0.01164	589670.00000
58.60938	-0.01071	589860.00000
58.65937	-0.01062	590052.00000
58.70859	-0.01021	590241.00000
58.75859	-0.00957	590433.00000
58.80859	-0.00921	590625.00000
58.85729	-0.01009	590812.00000
58.90677	-0.01000	591002.00000
58.95651	-0.00896	591193.00000
59.00651	-0.00749	591385.00000
59.05651	-0.00769	591577.00000
59.10547	-0.00668	591765.00000
59.15651	-0.00688	591961.00000
59.20573	-0.00664	592150.00000
59.25495	-0.00611	592339.00000
59.30417	-0.00550	592528.00000
59.35417	-0.00539	592720.00000
59.40469	-0.00488	592914.00000
59.45443	-0.00470	593105.00000
59.50365	-0.00474	593294.00000
59.55365	-0.00499	593486.00000
59.60365	-0.00517	593678.00000
59.65182	-0.00588	593863.00000
59.70365	-0.00541	594062.00000
59.75469	-0.00463	594258.00000
59.80495	-0.00529	594451.00000
59.85573	-0.00617	594646.00000
59.90599	-0.00578	594839.00000
59.95599	-0.00614	595031.00000
60.00651	-0.00656	595225.00000
60.05781	-0.00760	595422.00000
60.10781	-0.00764	595614.00000
60.15755	-0.00846	595805.00000
60.20781	-0.00964	595998.00000
60.25599	-0.01024	596183.00000
60.30547	-0.01111	596373.00000
60.35521	-0.01168	596564.00000
60.40495	-0.01242	596755.00000
60.45495	-0.01305	596947.00000
60.50573	-0.01350	597142.00000
60.55677	-0.01378	597338.00000
60.60729	-0.01572	597532.00000
60.65755	-0.01588	597725.00000
60.70703	-0.01691	597915.00000
60.75729	-0.01777	598108.00000
60.80781	-0.01873	598302.00000
60.85755	-0.01973	598493.00000
60.90781	-0.02074	598686.00000
60.95833	-0.02101	598880.00000
61.00781	-0.02192	599070.00000
61.05833	-0.02218	599264.00000
61.10833	-0.02185	599456.00000
61.15781	-0.02166	599646.00000
61.20833	-0.02157	599840.00000
61.25755	-0.02253	600029.00000
61.30729	-0.02249	600220.00000
61.35755	-0.02256	600413.00000
61.40729	-0.02289	600604.00000
61.45703	-0.02296	600795.00000
61.50729	-0.02238	600988.00000
61.55833	-0.02350	601184.00000
61.60833	-0.02257	601376.00000
61.65781	-0.02236	601566.00000
61.70911	-0.02253	601763.00000
61.75937	-0.02326	601956.00000
61.80911	-0.02320	602147.00000
61.85938	-0.02338	602340.00000
61.90833	-0.02340	602528.00000
61.95729	-0.02245	602716.00000
62.00729	-0.02153	602908.00000
62.05703	-0.02146	603099.00000
62.10729	-0.02031	603292.00000
62.15755	-0.01988	603485.00000
62.20703	-0.01890	603675.00000
62.25807	-0.01843	603871.00000
62.30859	-0.01848	604065.00000
62.35807	-0.01828	604255.00000
62.40859	-0.01641	604449.00000
62.45807	-0.01645	604639.00000
62.50833	-0.01586	604832.00000
62.55781	-0.01560	605022.00000
62.60833	-0.01506	605216.00000
62.65833	-0.01497	605408.00000
62.70781	-0.01390	605598.00000
62.75703	-0.01321	605787.00000
62.80729	-0.01245	605980.00000
62.85677	-0.01263	606170.00000
62.90573	-0.01259	606358.00000
62.95495	-0.01181	606547.00000
63.00573	-0.01178	606742.00000
63.05495	-0.01109	606931.00000
63.10391	-0.01022	607119.00000
63.15651	-0.01009	607321.00000
63.20833	-0.00898	607520.00000
63.25755	-0.00765	607709.00000
63.30833	-0.00664	607904.00000
63.35807	-0.00578	608095.00000
63.40859	-0.00523	608289.00000
63.45807	-0.00419	608479.00000
63.50755	-0.00205	608669.00000
63.55755	-0.00211	608861.00000
63.60703	-0.00262	609051.00000
63.65755	-0.00135	609245.00000
63.70703	-0.00171	609435.00000
63.75703	-0.00146	609627.00000
63.80781	-0.00118	609822.00000
63.85859	-0.00214	610017.00000
63.90885	-0.00253	610210.00000
63.95859	-0.00278	610401.00000
64.00755	-0.00442	610589.00000
64.05703	-0.00549	610779.00000
64.10651	-0.00690	610969.00000
64.15599	-0.00845	611159.00000
64.20599	-0.01034	611351.00000
64.25573	-0.01184	611542.00000
64.30625	-0.01258	611736.00000
64.35599	-0.01364	611927.00000
64.40625	-0.01520	612120.00000
64.45599	-0.01539	612311.00000
64.50625	-0.01606	612504.00000
64.55651	-0.01633	612697.00000
64.60729	-0.01729	612892.00000
64.65703	-0.01755	613083.00000
64.70703	-0.01842	613275.00000
64.75651	-0.01910	613465.00000
64.80625	-0.01907	613656.00000
64.85495	-0.01993	613843.00000
64.90469	-0.02029	614034.00000
64.95469	-0.02075	614226.00000
65.00547	-0.02172	614421.00000
65.05573	-0.02293	614614.00000
65.10495	-0.02348	614803.00000
65.15391	-0.02357	614991.00000
65.20547	-0.02359	615189.00000
65.25677	-0.02400	615386.00000
65.30599	-0.02372	615575.00000
65.35677	-0.02365	615770.00000
65.40729	-0.02350	615964.00000
65.45755	-0.02361	616157.00000
65.50729	-0.02313	616348.00000
65.55729	-0.02284	616540.00000
65.60833	-0.02231	616736.00000
65.65859	-0.02245	616929.00000
65.70859	-0.02165	617121.00000
65.75807	-0.02197	617311.00000
65.80807	-0.02167	617503.00000
65.85807	-0.02275	617695.00000
65.90781	-0.02285	617886.00000
65.95833	-0.02371	618080.00000
66.00703	-0.02468	618267.00000
66.05755	-0.02517	618461.00000
66.10755	-0.02535	618653.00000
66.15677	-0.02531	618842.00000
66.20729	-0.02538	619036.00000
66.25755	-0.02620	619229.00000
66.30781	-0.02770	619422.00000
66.35755	-0.02819	619613.00000
66.40755	-0.02833	619805.00000
66.45729	-0.02929	619996.00000
66.50703	-0.02912	620187.00000
66.55677	-0.02940	620378.00000
66.60625	-0.02926	620568.00000
66.65573	-0.02975	620758.00000
66.70521	-0.02950	620948.00000
66.75391	-0.02811	621135.00000
66.80521	-0.02895	621332.00000
66.85547	-0.02894	621525.00000
66.90234	-0.02881	621705.00000
66.95729	-0.02855	621916.00000
67.00625	-0.02858	622104.00000
67.05755	-0.02918	622301.00000
67.10651	-0.02933	622489.00000
67.15677	-0.02997	622682.00000
67.20651	-0.03003	622873.00000
67.25677	-0.02988	623066.00000
67.30625	-0.03066	623256.00000
67.35625	-0.02925	623448.00000
67.40677	-0.02955	623642.00000
67.45703	-0.02915	623835.00000
67.50755	-0.02875	624029.00000
67.55781	-0.02819	624222.00000
67.60781	-0.02720	624414.00000
67.65807	-0.02662	624607.00000
67.70833	-0.02628	624800.00000
67.75807	-0.02669	624991.00000
67.80807	-0.02588	625183.00000
67.85833	-0.02659	625376.00000
67.90755	-0.02609	625565.00000
67.95781	-0.02638	625758.00000
68.00807	-0.02642	625951.00000
68.05729	-0.02636	626140.00000
68.10677	-0.02750	626330.00000
68.15729	-0.02807	626524.00000
68.20703	-0.02797	626715.00000
68.25677	-0.02798	626906.00000
68.30677	-0.02769	627098.00000
68.35573	-0.02646	627286.00000
68.40521	-0.02610	627476.00000
68.45469	-0.02580	627666.00000
68.50521	-0.02563	627860.00000
68.55573	-0.02415	628054.00000
68.60651	-0.02389	628249.00000
68.65599	-0.02300	628439.00000
68.70573	-0.02214	628630.00000
68.75547	-0.02126	628821.00000
68.80521	-0.02087	629012.00000
68.85495	-0.02099	629203.00000
68.90495	-0.02007	629395.00000
68.95521	-0.01953	629588.00000
69.00469	-0.01929	629778.00000
69.05469	-0.01864	629970.00000
69.10469	-0.01845	630162.00000
69.15495	-0.01714	630355.00000
69.20495	-0.01709	630547.00000
69.25521	-0.01720	630740.00000
69.30547	-0.01635	630933.00000
69.35469	-0.01633	631122.00000
69.40495	-0.01667	631315.00000
69.45547	-0.01639	631509.00000
69.50417	-0.01637	631696.00000
69.55391	-0.01644	631887.00000
69.60391	-0.01664	632079.00000
69.65443	-0.01728	632273.00000
69.70391	-0.01717	632463.00000
69.75391	-0.01796	632655.00000
69.80417	-0.01945	632848.00000
69.85443	-0.01923	633041.00000
69.90313	-0.01930	633228.00000
69.95365	-0.02048	633422.00000
70.00365	-0.02067	633614.00000
70.05339	-0.02098	633805.00000
70.10286	-0.02080	633995.00000
70.15286	-0.02043	634187.00000
70.20365	-0.01948	634382.00000
70.25365	-0.01983	634574.00000
70.30391	-0.01888	634767.00000
70.35313	-0.01703	634956.00000
70.40495	-0.01679	635155.00000
70.45599	-0.01582	635351.00000
70.50573	-0.01500	635542.00000
70.55521	-0.01501	635732.00000
70.60495	-0.01438	635923.00000
70.65391	-0.01337	636111.00000
70.70469	-0.01218	636306.00000
70.75417	-0.01135	636496.00000
70.80391	-0.01084	636687.00000
70.85339	-0.01039	636877.00000
70.90417	-0.00915	637072.00000
70.95495	-0.00767	637267.00000
71.00443	-0.00739	637457.00000
71.05469	-0.00701	637650.00000
71.10495	-0.00664	637843.00000
71.15417	-0.00637	638032.00000
71.20495	-0.00545	638227.00000
71.25521	-0.00372	638420.00000
71.30391	-0.00314	638607.00000
71.35339	-0.00222	638797.00000
71.40339	-0.00163	638989.00000
71.45313	-0.00073	639180.00000
71.50312	-0.00192	639372.00000
71.55339	-0.00191	639565.00000
71.60391	-0.00309	639759.00000
71.65495	-0.00238	639955.00000
71.70391	-0.00231	640143.00000
71.75469	-0.00240	640338.00000
71.80573	-0.00219	640534.00000
71.85443	-0.00190	640721.00000
71.90286	-0.00171	640907.00000
71.95286	-0.00160	641099.00000
72.00417	0.00055	641296.00000
72.05495	0.00138	641491.00000
72.10573	0.00145	641686.00000
72.15521	0.00141	641876.00000
72.20547	0.00250	642069.00000
72.25573	0.00218	642262.00000
72.30521	0.00266	642452.00000
72.35417	0.00389	642640.00000
72.40547	0.00402	642837.00000
72.45703	0.00397	643035.00000
72.50599	0.00337	643223.00000
72.55443	0.00350	643409.00000
72.60391	0.00321	643599.00000
72.65443	0.00205	643793.00000
72.70443	0.00136	643985.00000
72.75443	0.00095	644177.00000
72.80391	0.00028	644367.00000
72.85443	-0.00066	644561.00000
72.90469	-0.00195	644754.00000
72.95391	-0.00206	644943.00000
73.00521	-0.00450	645140.00000
73.05625	-0.00547	645336.00000
73.10495	-0.00573	645523.00000
73.15495	-0.00643	645715.00000
73.20495	-0.00762	645907.00000
73.25443	-0.00825	646097.00000
73.30443	-0.00948	646289.00000
73.35443	-0.00995	646481.00000
73.40365	-0.01126	646670.00000
73.45495	-0.01246	646867.00000
73.50573	-0.01305	647062.00000
73.55391	-0.01350	647247.00000
73.60391	-0.01454	647439.00000
73.65365	-0.01409	647630.00000
73.70417	-0.01392	647824.00000
73.75365	-0.01445	648014.00000
73.80417	-0.01448	648208.00000
73.85391	-0.01354	648399.00000
73.90391	-0.01472	648591.00000
73.95469	-0.01529	648786.00000
74.00443	-0.01573	648977.00000
74.05521	-0.01573	649172.00000
74.10469	-0.01563	649362.00000
74.15417	-0.01570	649552.00000
74.20391	-0.01635	649743.00000
74.25234	-0.01584	649929.00000
74.30417	-0.01732	650128.00000
74.35521	-0.01837	650324.00000
74.40495	-0.01840	650515.00000
74.45547	-0.01886	650709.00000
74.50573	-0.01957	650902.00000
74.55625	-0.02031	651096.00000
74.60651	-0.02018	651289.00000
74.65651	-0.02067	651481.00000
74.70677	-0.02071	651674.00000
74.75755	-0.02106	651869.00000
74.80755	-0.02021	652061.00000
74.85677	-0.02056	652250.00000
74.90625	-0.02009	652440.00000
74.95599	-0.01956	652631.00000
75.00547	-0.01975	652821.00000
75.05495	-0.01901	653011.00000
75.10443	-0.01920	653201.00000
75.15417	-0.02047	653392.00000
75.20547	-0.02015	653589.00000
75.25573	-0.02002	653782.00000
75.30599	-0.02036	653975.00000
75.35495	-0.02018	654163.00000
75.40469	-0.02074	654354.00000
75.45391	-0.01962	654543.00000
75.50365	-0.02027	654734.00000
75.55417	-0.01974	654928.00000
75.60469	-0.01932	655122.00000
75.65495	-0.01890	655315.00000
75.70443	-0.01808	655505.00000
75.75417	-0.01770	655696.00000
75.80339	-0.01779	655885.00000
75.85443	-0.01645	656081.00000
75.90573	-0.01553	656278.00000
75.95443	-0.01540	656465.00000
76.00625	-0.01340	656664.00000
76.05703	-0.01337	656859.00000
76.10755	-0.01202	657053.00000
76.15807	-0.01008	657247.00000
76.20964	-0.00804	657445.00000
76.25964	-0.00718	657637.00000
76.30938	-0.00502	657828.00000
76.36068	-0.00386	658025.00000
76.40833	-0.00155	658208.00000
76.45885	-0.00004	658402.00000
76.50938	0.00237	658596.00000
76.56042	0.00393	658792.00000
76.61042	0.00618	658984.00000
76.66172	0.00772	659181.00000
76.71120	0.00837	659371.00000
76.76120	0.01048	659563.00000
76.81198	0.01164	659758.00000
76.86120	0.01330	659947.00000
76.91172	0.01388	660141.00000
76.96068	0.01448	660329.00000
77.01068	0.01517	660521.00000
77.06120	0.01570	660715.00000
77.10807	0.01682	660895.00000
77.15781	0.01724	661086.00000
77.21042	0.01776	661288.00000
77.26120	0.01925	661483.00000
77.31094	0.01987	661674.00000
77.36120	0.02027	661867.00000
77.41016	0.02195	662055.00000
77.45990	0.02243	662246.00000
77.50833	0.02371	662432.00000
77.55807	0.02554	662623.00000
77.60833	0.02618	662816.00000
77.65755	0.02693	663005.00000
77.70781	0.02789	663198.00000
77.75807	0.02803	663391.00000
77.80729	0.02859	663580.00000
77.85755	0.02842	663773.00000
77.90781	0.02712	663966.00000
77.95781	0.02564	664158.00000
78.00651	0.02321	664345.00000
78.05573	0.02175	664534.00000
78.10469	0.01991	664722.00000
78.15443	0.01740	664913.00000
78.20417	0.01612	665104.00000
78.25573	0.01420	665302.00000
78.30677	0.01171	665498.00000
78.35729	0.01013	665692.00000
78.40729	0.00774	665884.00000
78.45625	0.00646	666072.00000
78.50573	0.00490	666262.00000
78.55521	0.00245	666452.00000
78.60521	-0.00023	666644.00000
78.65495	-0.00239	666835.00000
78.70417	-0.00436	667024.00000
78.75443	-0.00732	667217.00000
78.80365	-0.01017	667406.00000
78.85469	-0.01272	667602.00000
78.90547	-0.01673	667797.00000
78.95547	-0.02046	667989.00000
79.00443	-0.02475	668177.00000
79.05443	-0.02798	668369.00000
79.10443	-0.03088	668561.00000
79.15573	-0.03259	668758.00000
79.20651	-0.03374	668953.00000
79.25599	-0.03417	669143.00000
79.30495	-0.03420	669331.00000
79.35599	-0.03313	669527.00000
79.40521	-0.03148	669716.00000
79.45339	-0.03009	669901.00000
79.50339	-0.02700	670093.00000
79.55260	-0.02521	670282.00000
79.60495	-0.02225	670483.00000
79.65547	-0.02106	670677.00000
79.70391	-0.02010	670863.00000
79.75495	-0.01917	671059.00000
79.80521	-0.01923	671252.00000
79.85391	-0.01948	671439.00000
79.90443	-0.02029	671633.00000
79.95495	-0.02213	671827.00000
80.00391	-0.02366	672015.00000
