0.00260	-0.00962	364810.00000
0.04922	-0.00997	364989.00000
0.10104	-0.00936	365188.00000
0.15208	-0.00905	365384.00000
0.20365	-0.00957	365582.00000
0.25156	-0.00996	365766.00000
0.29974	-0.00972	365951.00000
0.35104	-0.00941	366148.00000
0.40104	-0.00920	366340.00000
0.45260	-0.00944	366538.00000
0.50313	-0.00954	366732.00000
0.55312	-0.00954	366924.00000
0.60313	-0.00987	367116.00000
0.65234	-0.01024	367305.00000
0.70234	-0.01034	367497.00000
0.75234	-0.01056	367689.00000
0.80104	-0.01018	367876.00000
0.85365	-0.00985	368078.00000
0.90417	-0.01003	368272.00000
0.95104	-0.01002	368452.00000
1.00208	-0.00977	368648.00000
1.05052	-0.01005	368834.00000
1.10260	-0.00985	369034.00000
1.15000	-0.01028	369216.00000
1.20234	-0.01024	369417.00000
1.25469	-0.01032	369618.00000
1.30130	-0.01063	369797.00000
1.35286	-0.01049	369995.00000
1.39922	-0.00978	370173.00000
1.45208	-0.01011	370376.00000
1.50417	-0.01077	370576.00000
1.55000	-0.01062	370752.00000
1.60260	-0.01034	370954.00000
1.65000	-0.01032	371136.00000
1.70104	-0.01029	371332.00000
1.75495	-0.01094	371539.00000
1.80078	-0.01108	371715.00000
1.85260	-0.01017	371914.00000
1.90182	-0.01098	372103.00000
1.94974	-0.01114	372287.00000
2.00443	-0.01086	372497.00000
2.05234	-0.01029	372681.00000
2.10000	-0.01160	372864.00000
2.15208	-0.01149	373064.00000
2.20078	-0.01133	373251.00000
2.24948	-0.01096	373438.00000
2.30417	-0.01093	373648.00000
2.35208	-0.01085	373832.00000
2.40208	-0.01165	374024.00000
2.45026	-0.01109	374209.00000
2.50026	-0.01205	374401.00000
2.54896	-0.01186	374588.00000
2.59948	-0.01160	374782.00000
2.65286	-0.01081	374987.00000
2.70000	-0.01110	375168.00000
2.75104	-0.01111	375364.00000
2.79766	-0.01122	375543.00000
2.84922	-0.01101	375741.00000
2.89870	-0.01087	375931.00000
2.95104	-0.01108	376132.00000
2.99844	-0.01082	376314.00000
3.04948	-0.01037	376510.00000
3.09948	-0.01102	376702.00000
3.15182	-0.01097	376903.00000
3.19974	-0.01163	377087.00000
3.24844	-0.01109	377274.00000
3.30026	-0.01143	377473.00000
3.34974	-0.01050	377663.00000
3.39974	-0.01087	377855.00000
3.44948	-0.01052	378046.00000
3.49948	-0.00945	378238.00000
3.54844	-0.01045	378426.00000
3.59974	-0.01035	378623.00000
3.64896	-0.01032	378812.00000
3.69974	-0.01072	379007.00000
3.74922	-0.01039	379197.00000
3.80130	-0.00970	379397.00000
3.85182	-0.01015	379591.00000
3.90052	-0.01053	379778.00000
3.95156	-0.00990	379974.00000
4.00026	-0.00976	380161.00000
4.05130	-0.01019	380357.00000
4.09948	-0.00984	380542.00000
4.15026	-0.01021	380737.00000
4.20104	-0.00984	380932.00000
4.25026	-0.00987	381121.00000
4.30000	-0.00992	381312.00000
4.35000	-0.01032	381504.00000
4.39792	-0.01078	381688.00000
4.45130	-0.01030	381893.00000
4.50026	-0.01034	382081.00000
4.55130	-0.00991	382277.00000
4.60130	-0.01019	382469.00000
4.65052	-0.01049	382658.00000
4.70130	-0.01011	382853.00000
4.75026	-0.00991	383041.00000
4.80130	-0.01015	383237.00000
4.85182	-0.01069	383431.00000
4.90078	-0.01081	383619.00000
4.95104	-0.01082	383812.00000
5.00130	-0.01001	384005.00000
5.05104	-0.01051	384196.00000
5.10052	-0.01091	384386.00000
5.15052	-0.01066	384578.00000
5.20104	-0.01028	384772.00000
5.25052	-0.01095	384962.00000
5.30078	-0.01031	385155.00000
5.35078	-0.01082	385347.00000
5.40078	-0.01143	385539.00000
5.45000	-0.01070	385728.00000
5.50104	-0.01034	385924.00000
5.55000	-0.01065	386112.00000
5.60052	-0.01036	386306.00000
5.65078	-0.01086	386499.00000
5.70052	-0.01118	386690.00000
5.75078	-0.01071	386883.00000
5.80052	-0.01072	387074.00000
5.85104	-0.01061	387268.00000
5.89974	-0.01030	387455.00000
5.95078	-0.01080	387651.00000
6.00000	-0.01088	387840.00000
6.05156	-0.01138	388038.00000
6.09948	-0.01093	388222.00000
6.15104	-0.01166	388420.00000
6.20078	-0.01105	388611.00000
6.25026	-0.01119	388801.00000
6.30078	-0.01121	388995.00000
6.35130	-0.01086	389189.00000
6.40026	-0.01061	389377.00000
6.45104	-0.01115	389572.00000
6.50026	-0.01114	389761.00000
6.55078	-0.01133	389955.00000
6.60078	-0.01141	390147.00000
6.64974	-0.01099	390335.00000
6.70078	-0.01134	390531.00000
6.74922	-0.01122	390717.00000
6.79688	-0.01081	390900.00000
6.85130	-0.01115	391109.00000
6.89922	-0.01121	391293.00000
6.95130	-0.01113	391493.00000
7.00130	-0.01103	391685.00000
7.05104	-0.01141	391876.00000
7.10052	-0.01142	392066.00000
7.15078	-0.01086	392259.00000
7.20000	-0.01103	392448.00000
7.24870	-0.01151	392635.00000
7.29896	-0.01164	392828.00000
7.35130	-0.01047	393029.00000
7.40182	-0.01135	393223.00000
7.44922	-0.01124	393405.00000
7.50182	-0.01177	393607.00000
7.55000	-0.01088	393792.00000
7.60078	-0.01084	393987.00000
7.65286	-0.01096	394187.00000
7.70313	-0.01098	394380.00000
7.75260	-0.01127	394570.00000
7.80312	-0.01118	394764.00000
7.85365	-0.01072	394958.00000
7.90391	-0.01118	395151.00000
7.95182	-0.01162	395335.00000
8.00286	-0.01158	395531.00000
8.05469	-0.01093	395730.00000
8.10469	-0.01081	395922.00000
8.15573	-0.01126	396118.00000
8.20547	-0.01121	396309.00000
8.25443	-0.01060	396497.00000
8.30573	-0.01177	396694.00000
8.35573	-0.01131	396886.00000
8.40625	-0.01020	397080.00000
8.45677	-0.01118	397274.00000
8.50703	-0.01151	397467.00000
8.55677	-0.01096	397658.00000
8.60651	-0.01080	397849.00000
8.65677	-0.01098	398042.00000
8.70729	-0.01083	398236.00000
8.75755	-0.01049	398429.00000
8.80729	-0.01115	398620.00000
8.85703	-0.01087	398811.00000
8.90599	-0.01048	398999.00000
8.95625	-0.01016	399192.00000
9.00677	-0.01086	399386.00000
9.05651	-0.01115	399577.00000
9.10651	-0.01055	399769.00000
9.15651	-0.01102	399961.00000
9.20651	-0.01112	400153.00000
9.25625	-0.01083	400344.00000
9.30651	-0.01097	400537.00000
9.35651	-0.01135	400729.00000
9.40651	-0.01134	400921.00000
9.45625	-0.01102	401112.00000
9.50521	-0.01088	401300.00000
9.55495	-0.01128	401491.00000
9.60495	-0.01146	401683.00000
9.65469	-0.01122	401874.00000
9.70443	-0.01124	402065.00000
9.75547	-0.01116	402261.00000
9.80521	-0.01100	402452.00000
9.85495	-0.01195	402643.00000
9.90469	-0.01129	402834.00000
9.95443	-0.01153	403025.00000
10.00547	-0.01136	403221.00000
10.05521	-0.01171	403412.00000
10.10469	-0.01188	403602.00000
10.15443	-0.01202	403793.00000
10.20469	-0.01213	403986.00000
10.25469	-0.01152	404178.00000
10.30469	-0.01199	404370.00000
10.35469	-0.01227	404562.00000
10.40469	-0.01204	404754.00000
10.45495	-0.01192	404947.00000
10.50573	-0.01206	405142.00000
10.55599	-0.01214	405335.00000
10.60521	-0.01224	405524.00000
10.65573	-0.01211	405718.00000
10.70573	-0.01180	405910.00000
10.75495	-0.01237	406099.00000
10.80521	-0.01179	406292.00000
10.85651	-0.01228	406489.00000
10.90651	-0.01205	406681.00000
10.95625	-0.01227	406872.00000
11.00573	-0.01227	407062.00000
11.05547	-0.01173	407253.00000
11.10495	-0.01186	407443.00000
11.15469	-0.01188	407634.00000
11.20521	-0.01180	407828.00000
11.25547	-0.01231	408021.00000
11.30547	-0.01219	408213.00000
11.35495	-0.01197	408403.00000
11.40365	-0.01221	408590.00000
11.45495	-0.01222	408787.00000
11.50599	-0.01164	408983.00000
11.55573	-0.01225	409174.00000
11.60599	-0.01166	409367.00000
11.65469	-0.01150	409554.00000
11.70495	-0.01216	409747.00000
11.75495	-0.01153	409939.00000
11.80469	-0.01155	410130.00000
11.85469	-0.01180	410322.00000
11.90312	-0.01170	410508.00000
11.95260	-0.01178	410698.00000
12.00339	-0.01142	410893.00000
12.05417	-0.01152	411088.00000
12.10391	-0.01118	411279.00000
12.15495	-0.01085	411475.00000
12.20651	-0.01068	411673.00000
12.25599	-0.01106	411863.00000
12.30417	-0.00996	412048.00000
12.35365	-0.01046	412238.00000
12.40339	-0.00959	412429.00000
12.45443	-0.01004	412625.00000
12.50521	-0.00886	412820.00000
12.55443	-0.00826	413009.00000
12.60365	-0.00878	413198.00000
12.65391	-0.00822	413391.00000
12.70417	-0.00712	413584.00000
12.75313	-0.00745	413772.00000
12.80339	-0.00682	413965.00000
12.85365	-0.00660	414158.00000
12.90417	-0.00456	414352.00000
12.95417	-0.00544	414544.00000
13.00313	-0.00489	414732.00000
13.05469	-0.00476	414930.00000
13.10469	-0.00513	415122.00000
13.15443	-0.00586	415313.00000
13.20313	-0.00703	415500.00000
13.25417	-0.00935	415696.00000
13.30443	-0.01112	415889.00000
13.35391	-0.01392	416079.00000
13.40547	-0.01686	416277.00000
13.45156	-0.01942	416454.00000
13.50339	-0.02202	416653.00000
13.55391	-0.02300	416847.00000
13.60286	-0.02420	417035.00000
13.65156	-0.02464	417222.00000
13.70313	-0.02466	417420.00000
13.75417	-0.02377	417616.00000
13.80052	-0.02327	417794.00000
13.85391	-0.02197	417999.00000
13.90677	-0.01983	418202.00000
13.95573	-0.01876	418390.00000
14.00417	-0.01719	418576.00000
14.05495	-0.01570	418771.00000
14.10495	-0.01499	418963.00000
14.15443	-0.01285	419153.00000
14.20313	-0.01156	419340.00000
14.25469	-0.01090	419538.00000
14.30521	-0.00948	419732.00000
14.35365	-0.00914	419918.00000
14.40521	-0.00793	420116.00000
14.45573	-0.00740	420310.00000
14.50625	-0.00706	420504.00000
14.55703	-0.00646	420699.00000
14.60781	-0.00651	420894.00000
14.65807	-0.00582	421087.00000
14.70755	-0.00561	421277.00000
14.75651	-0.00553	421465.00000
14.80651	-0.00485	421657.00000
14.85703	-0.00421	421851.00000
14.90599	-0.00393	422039.00000
14.95651	-0.00396	422233.00000
15.00677	-0.00399	422426.00000
15.05599	-0.00356	422615.00000
15.10599	-0.00342	422807.00000
15.15573	-0.00304	422998.00000
15.20521	-0.00283	423188.00000
15.25599	-0.00271	423383.00000
15.30573	-0.00224	423574.00000
15.35599	-0.00207	423767.00000
15.40573	-0.00198	423958.00000
15.45599	-0.00301	424151.00000
15.50521	-0.00353	424340.00000
15.55495	-0.00437	424531.00000
15.60547	-0.00601	424725.00000
15.65651	-0.00855	424921.00000
15.70651	-0.01109	425113.00000
15.75651	-0.01411	425305.00000
15.80651	-0.01877	425497.00000
15.85625	-0.02156	425688.00000
15.90573	-0.02492	425878.00000
15.95599	-0.02857	426071.00000
16.00625	-0.02980	426264.00000
16.05599	-0.02949	426455.00000
16.10625	-0.02883	426648.00000
16.15651	-0.02611	426841.00000
16.20599	-0.02249	427031.00000
16.25573	-0.01769	427222.00000
16.30547	-0.01341	427413.00000
16.35573	-0.00844	427606.00000
16.40547	-0.00423	427797.00000
16.45495	0.00001	427987.00000
16.50443	0.00296	428177.00000
16.55469	0.00521	428370.00000
16.60599	0.00705	428567.00000
16.65573	0.00757	428758.00000
16.70443	0.00800	428945.00000
16.75417	0.00852	429136.00000
16.80391	0.00779	429327.00000
16.85443	0.00723	429521.00000
16.90495	0.00765	429715.00000
16.95391	0.00676	429903.00000
17.00495	0.00645	430099.00000
17.05599	0.00573	430295.00000
17.10521	0.00530	430484.00000
17.15443	0.00567	430673.00000
17.20469	0.00488	430866.00000
17.25495	0.00498	431059.00000
17.30469	0.00465	431250.00000
17.35521	0.00500	431444.00000
17.40443	0.00432	431633.00000
17.45521	0.00430	431828.00000
17.50573	0.00446	432022.00000
17.55547	0.00429	432213.00000
17.60599	0.00347	432407.00000
17.65599	0.00335	432599.00000
17.70599	0.00286	432791.00000
17.75573	0.00175	432982.00000
17.80599	0.00175	433175.00000
17.85573	0.00073	433366.00000
17.90495	0.00022	433555.00000
17.95365	-0.00069	433742.00000
18.00286	-0.00087	433931.00000
18.05313	-0.00111	434124.00000
18.10573	-0.00169	434326.00000
18.15703	-0.00212	434523.00000
18.20703	-0.00221	434715.00000
18.25703	-0.00292	434907.00000
18.30729	-0.00338	435100.00000
18.35651	-0.00306	435289.00000
18.40599	-0.00229	435479.00000
18.45651	-0.00017	435673.00000
18.50547	0.00197	435861.00000
18.55625	0.00511	436056.00000
18.60573	0.00850	436246.00000
18.65495	0.01213	436435.00000
18.70521	0.01583	436628.00000
18.75521	0.01974	436820.00000
18.80573	0.02326	437014.00000
18.85495	0.02625	437203.00000
18.90495	0.02862	437395.00000
18.95573	0.03077	437590.00000
19.00651	0.03266	437785.00000
19.05677	0.03392	437978.00000
19.10651	0.03650	438169.00000
19.15625	0.03819	438360.00000
19.20677	0.03945	438554.00000
19.25625	0.04168	438744.00000
19.30599	0.04438	438935.00000
19.35599	0.04717	439127.00000
19.40547	0.05073	439317.00000
19.45651	0.05360	439513.00000
19.50703	0.05804	439707.00000
19.55703	0.06243	439899.00000
19.60677	0.06572	440090.00000
19.65703	0.07101	440283.00000
19.70651	0.07672	440473.00000
19.75677	0.08285	440666.00000
19.80573	0.08898	440854.00000
19.85547	0.09559	441045.00000
19.90599	0.10323	441239.00000
19.95625	0.11126	441432.00000
20.00599	0.12026	441623.00000
20.05651	0.12959	441817.00000
20.10599	0.13990	442007.00000
20.15625	0.15130	442200.00000
20.20625	0.16372	442392.00000
20.25573	0.17729	442582.00000
20.30573	0.19200	442774.00000
20.35599	0.20896	442967.00000
20.40651	0.22716	443161.00000
20.45599	0.24639	443351.00000
20.50547	0.26781	443541.00000
20.55599	0.29087	443735.00000
20.60651	0.31526	443929.00000
20.65703	0.34201	444123.00000
20.70677	0.36945	444314.00000
20.75651	0.39698	444505.00000
20.80625	0.42847	444696.00000
20.85677	0.45872	444890.00000
20.90651	0.48936	445081.00000
20.95677	0.52044	445274.00000
21.00651	0.54647	445465.00000
21.05677	0.56805	445658.00000
21.10677	0.57784	445850.00000
21.15651	0.56948	446041.00000
21.20677	0.52877	446234.00000
21.25755	0.44521	446429.00000
21.30703	0.30128	446619.00000
21.35651	0.08055	446809.00000
21.40677	-0.23430	447002.00000
21.45677	-0.64608	447194.00000
21.50677	-1.13074	447386.00000
21.55625	-1.65632	447576.00000
21.60625	-2.21763	447768.00000
21.65651	-2.69580	447961.00000
21.70625	-3.06820	448152.00000
21.75625	-3.27107	448344.00000
21.80573	-3.28250	448534.00000
21.85547	-3.09408	448725.00000
21.90573	-2.75016	448918.00000
21.95703	-2.27042	449115.00000
22.00703	-1.70400	449307.00000
22.05781	-1.14672	449502.00000
22.10781	-0.59115	449694.00000
22.15781	-0.09539	449886.00000
22.20807	0.32592	450079.00000
22.25755	0.65124	450269.00000
22.30755	0.88242	450461.00000
22.35703	1.04045	450651.00000
22.40755	1.12944	450845.00000
22.45781	1.15450	451038.00000
22.50755	1.13750	451229.00000
22.55781	1.08871	451422.00000
22.60755	1.02573	451613.00000
22.65807	0.95176	451807.00000
22.70781	0.87601	451998.00000
22.75781	0.79768	452190.00000
22.80755	0.71920	452381.00000
22.85755	0.64140	452573.00000
22.90729	0.56192	452764.00000
22.95677	0.48298	452954.00000
23.00651	0.40642	453145.00000
23.05625	0.33351	453336.00000
23.10625	0.26864	453528.00000
23.15547	0.21354	453717.00000
23.20547	0.17077	453909.00000
23.25547	0.14138	454101.00000
23.30599	0.12351	454295.00000
23.35651	0.11523	454489.00000
23.40625	0.11266	454680.00000
23.45599	0.11282	454871.00000
23.50599	0.11342	455063.00000
23.55547	0.11295	455253.00000
23.60599	0.11047	455447.00000
23.65677	0.10770	455642.00000
23.70625	0.10256	455832.00000
23.75703	0.09842	456027.00000
23.80755	0.09674	456221.00000
23.85703	0.09765	456411.00000
23.90703	0.10051	456603.00000
23.95703	0.10513	456795.00000
24.00677	0.11168	456986.00000
24.05755	0.11772	457181.00000
24.10729	0.12381	457372.00000
24.15729	0.12974	457564.00000
24.20781	0.13284	457758.00000
24.25781	0.13511	457950.00000
24.30781	0.13419	458142.00000
24.35755	0.12993	458333.00000
24.40703	0.12346	458523.00000
24.45703	0.11518	458715.00000
24.50703	0.10516	458907.00000
24.55703	0.09235	459099.00000
24.60651	0.07986	459289.00000
24.65677	0.06409	459482.00000
24.70703	0.04807	459675.00000
24.75677	0.03098	459866.00000
24.80677	0.01434	460058.00000
24.85729	-0.00059	460252.00000
24.90729	-0.01161	460444.00000
24.95651	-0.01910	460633.00000
25.00651	-0.02248	460825.00000
25.05703	-0.02137	461019.00000
25.10703	-0.01799	461211.00000
25.15729	-0.01126	461404.00000
25.20677	-0.00357	461594.00000
25.25755	0.00102	461789.00000
25.30703	0.00575	461979.00000
25.35677	0.00692	462170.00000
25.40703	0.00390	462363.00000
25.45599	-0.00156	462551.00000
25.50599	-0.00910	462743.00000
25.55651	-0.01723	462937.00000
25.60651	-0.02359	463129.00000
25.65755	-0.02804	463325.00000
25.70729	-0.02846	463516.00000
25.75729	-0.02651	463708.00000
25.80677	-0.02195	463898.00000
25.85729	-0.01585	464092.00000
25.90651	-0.01160	464281.00000
25.95703	-0.00842	464475.00000
26.00703	-0.00624	464667.00000
26.05677	-0.00760	464858.00000
26.10677	-0.01007	465050.00000
26.15651	-0.01475	465241.00000
26.20625	-0.01916	465432.00000
26.25625	-0.02438	465624.00000
26.30599	-0.02931	465815.00000
26.35547	-0.03458	466005.00000
26.40599	-0.03770	466199.00000
26.45573	-0.03989	466390.00000
26.50495	-0.04140	466579.00000
26.55521	-0.04235	466772.00000
26.60625	-0.04144	466968.00000
26.65625	-0.04139	467160.00000
26.70625	-0.04002	467352.00000
26.75599	-0.03915	467543.00000
26.80599	-0.03693	467735.00000
26.85547	-0.03517	467925.00000
26.90547	-0.03077	468117.00000
26.95521	-0.02702	468308.00000
27.00599	-0.02218	468503.00000
27.05651	-0.01812	468697.00000
27.10599	-0.01607	468887.00000
27.15599	-0.01351	469079.00000
27.20599	-0.01315	469271.00000
27.25521	-0.01280	469460.00000
27.30495	-0.01313	469651.00000
27.35443	-0.01361	469841.00000
27.40651	-0.01370	470041.00000
27.45573	-0.01246	470230.00000
27.50573	-0.01183	470422.00000
27.55547	-0.00915	470613.00000
27.60573	-0.00514	470806.00000
27.65625	0.00064	471000.00000
27.70573	0.00867	471190.00000
27.75599	0.01853	471383.00000
27.80677	0.03149	471578.00000
27.85625	0.04622	471768.00000
27.90599	0.06331	471959.00000
27.95625	0.08121	472152.00000
28.00625	0.09826	472344.00000
28.05755	0.10728	472541.00000
28.10651	0.10664	472729.00000
28.15703	0.09312	472923.00000
28.20651	0.06617	473113.00000
28.25677	0.02818	473306.00000
28.30599	-0.01587	473495.00000
28.35651	-0.06389	473689.00000
28.40625	-0.10793	473880.00000
28.45651	-0.14124	474073.00000
28.50651	-0.16412	474265.00000
28.55651	-0.17421	474457.00000
28.60651	-0.17331	474649.00000
28.65625	-0.16238	474840.00000
28.70651	-0.14526	475033.00000
28.75599	-0.12170	475223.00000
28.80599	-0.09708	475415.00000
28.85625	-0.07305	475608.00000
28.90651	-0.05179	475801.00000
28.95651	-0.03568	475993.00000
29.00573	-0.02412	476182.00000
29.05651	-0.01717	476377.00000
29.10755	-0.01305	476573.00000
29.15599	-0.01138	476759.00000
29.20885	-0.01105	476962.00000
29.25729	-0.01036	477148.00000
29.30781	-0.01023	477342.00000
29.35729	-0.00998	477532.00000
29.40755	-0.01040	477725.00000
29.45677	-0.01092	477914.00000
29.50677	-0.01222	478106.00000
29.55703	-0.01411	478299.00000
29.60651	-0.01793	478489.00000
29.65651	-0.02289	478681.00000
29.70651	-0.02965	478873.00000
29.75677	-0.03514	479066.00000
29.80755	-0.03899	479261.00000
29.85729	-0.04201	479452.00000
29.90729	-0.04209	479644.00000
29.95677	-0.04017	479834.00000
30.00677	-0.03588	480026.00000
30.05703	-0.03249	480219.00000
30.10677	-0.02850	480410.00000
30.15677	-0.02489	480602.00000
30.20651	-0.02113	480793.00000
30.25651	-0.01817	480985.00000
30.30677	-0.01460	481178.00000
30.35729	-0.01175	481372.00000
30.40703	-0.00997	481563.00000
30.45703	-0.00811	481755.00000
30.50755	-0.00545	481949.00000
30.55729	-0.00434	482140.00000
30.60755	-0.00192	482333.00000
30.65703	-0.00098	482523.00000
30.70729	-0.00157	482716.00000
30.75651	-0.00288	482905.00000
30.80625	-0.00563	483096.00000
30.85651	-0.00911	483289.00000
30.90625	-0.01200	483480.00000
30.95599	-0.01570	483671.00000
31.00625	-0.01933	483864.00000
31.05651	-0.02344	484057.00000
31.10573	-0.02799	484246.00000
31.15521	-0.03325	484436.00000
31.20625	-0.03798	484632.00000
31.25677	-0.04249	484826.00000
31.30599	-0.04702	485015.00000
31.35677	-0.05046	485210.00000
31.40651	-0.05405	485401.00000
31.45677	-0.05877	485594.00000
31.50703	-0.06188	485787.00000
31.55573	-0.06433	485974.00000
31.60599	-0.06693	486167.00000
31.65651	-0.06753	486361.00000
31.70521	-0.06870	486548.00000
31.75521	-0.06872	486740.00000
31.80547	-0.06851	486933.00000
31.85599	-0.07007	487127.00000
31.90625	-0.07325	487320.00000
31.95625	-0.07559	487512.00000
32.00677	-0.07948	487706.00000
32.05625	-0.08265	487896.00000
32.10625	-0.08365	488088.00000
32.15703	-0.08188	488283.00000
32.20651	-0.07697	488473.00000
32.25677	-0.06703	488666.00000
32.30729	-0.05009	488860.00000
32.35755	-0.02594	489053.00000
32.40677	0.00575	489242.00000
32.45599	0.04409	489431.00000
32.50599	0.09144	489623.00000
32.55599	0.14463	489815.00000
32.60521	0.19841	490004.00000
32.65547	0.25526	490197.00000
32.70599	0.30430	490391.00000
32.75521	0.34468	490580.00000
32.80495	0.37212	490771.00000
32.85573	0.38208	490966.00000
32.90677	0.37357	491162.00000
32.95703	0.34625	491355.00000
33.00755	0.30340	491549.00000
33.05755	0.24534	491741.00000
33.10703	0.18201	491931.00000
33.15599	0.11465	492119.00000
33.20599	0.04715	492311.00000
33.25625	-0.01350	492504.00000
33.30599	-0.06703	492695.00000
33.35703	-0.11060	492891.00000
33.40677	-0.14190	493082.00000
33.45703	-0.16277	493275.00000
33.50729	-0.17297	493468.00000
33.55755	-0.17459	493661.00000
33.60833	-0.17117	493856.00000
33.65781	-0.16287	494046.00000
33.70755	-0.15155	494237.00000
33.75703	-0.14016	494427.00000
33.80677	-0.12925	494618.00000
33.85703	-0.11964	494811.00000
33.90677	-0.11234	495002.00000
33.95677	-0.10635	495194.00000
34.00625	-0.10056	495384.00000
34.05677	-0.09489	495578.00000
34.10677	-0.08883	495770.00000
34.15781	-0.08232	495966.00000
34.20781	-0.07394	496158.00000
34.25807	-0.06504	496351.00000
34.30755	-0.05727	496541.00000
34.35703	-0.05097	496731.00000
34.40729	-0.04474	496924.00000
34.45703	-0.03970	497115.00000
34.50677	-0.03602	497306.00000
34.55781	-0.03411	497502.00000
34.60807	-0.03404	497695.00000
34.65833	-0.03533	497888.00000
34.70729	-0.03820	498076.00000
34.75755	-0.04060	498269.00000
34.80781	-0.04193	498462.00000
34.85807	-0.04407	498655.00000
34.90781	-0.04581	498846.00000
34.95729	-0.04734	499036.00000
35.00729	-0.04909	499228.00000
35.05729	-0.05062	499420.00000
35.10729	-0.05209	499612.00000
35.15703	-0.05296	499803.00000
35.20755	-0.05312	499997.00000
35.25729	-0.05157	500188.00000
35.30755	-0.04910	500381.00000
35.35755	-0.04617	500573.00000
35.40703	-0.04187	500763.00000
35.45729	-0.03820	500956.00000
35.50703	-0.03408	501147.00000
35.55729	-0.03093	501340.00000
35.60677	-0.02809	501530.00000
35.65651	-0.02658	501721.00000
35.70651	-0.02740	501913.00000
35.75625	-0.02858	502104.00000
35.80469	-0.03031	502290.00000
35.85521	-0.03076	502484.00000
35.90625	-0.03026	502680.00000
35.95573	-0.02741	502870.00000
36.00547	-0.02340	503061.00000
36.05625	-0.01824	503256.00000
36.10625	-0.01243	503448.00000
36.15547	-0.00788	503637.00000
36.20573	-0.00373	503830.00000
36.25651	-0.00160	504025.00000
36.30703	-0.00192	504219.00000
36.35625	-0.00332	504408.00000
36.40651	-0.00642	504601.00000
36.45651	-0.00943	504793.00000
36.50651	-0.01243	504985.00000
36.55677	-0.01523	505178.00000
36.60677	-0.01717	505370.00000
36.65729	-0.01735	505564.00000
36.70677	-0.01733	505754.00000
36.75651	-0.01568	505945.00000
36.80677	-0.01414	506138.00000
36.85573	-0.01192	506326.00000
36.90625	-0.00897	506520.00000
36.95651	-0.00322	506713.00000
37.00677	0.00215	506906.00000
37.05677	0.01045	507098.00000
37.10625	0.01809	507288.00000
37.15651	0.02652	507481.00000
37.20651	0.03146	507673.00000
37.25547	0.03355	507861.00000
37.30547	0.03091	508053.00000
37.35677	0.02267	508250.00000
37.40755	0.01167	508445.00000
37.45729	-0.00357	508636.00000
37.50703	-0.01773	508827.00000
37.55703	-0.03098	509019.00000
37.60651	-0.04199	509209.00000
37.65625	-0.04889	509400.00000
37.70599	-0.05053	509591.00000
37.75677	-0.04692	509786.00000
37.80625	-0.03856	509976.00000
37.85625	-0.02710	510168.00000
37.90651	-0.01595	510361.00000
37.95625	-0.00653	510552.00000
38.00651	0.00046	510745.00000
38.05677	0.00336	510938.00000
38.10677	0.00203	511130.00000
38.15651	-0.00246	511321.00000
38.20677	-0.00850	511514.00000
38.25625	-0.01527	511704.00000
38.30677	-0.02201	511898.00000
38.35729	-0.02707	512092.00000
38.40703	-0.03226	512283.00000
38.45703	-0.03466	512475.00000
38.50677	-0.03559	512666.00000
38.55755	-0.03509	512861.00000
38.60781	-0.03291	513054.00000
38.65755	-0.03038	513245.00000
38.70833	-0.02690	513440.00000
38.75781	-0.02351	513630.00000
38.80781	-0.02006	513822.00000
38.85781	-0.01690	514014.00000
38.90859	-0.01405	514209.00000
38.95885	-0.01234	514402.00000
39.00833	-0.01118	514592.00000
39.05807	-0.01088	514783.00000
39.10833	-0.01225	514976.00000
39.15833	-0.01392	515168.00000
39.20755	-0.01672	515357.00000
39.25833	-0.01941	515552.00000
39.30859	-0.02249	515745.00000
39.35729	-0.02436	515932.00000
39.40755	-0.02515	516125.00000
39.45833	-0.02464	516320.00000
39.50781	-0.02118	516510.00000
39.55625	-0.01640	516696.00000
39.60677	-0.01118	516890.00000
39.65807	-0.00417	517087.00000
39.70964	0.00168	517285.00000
39.75833	0.00559	517472.00000
39.80781	0.00871	517662.00000
39.85755	0.00864	517853.00000
39.90703	0.00524	518043.00000
39.95703	0.00061	518235.00000
40.00807	-0.00411	518431.00000
40.05729	-0.00977	518620.00000
40.10703	-0.01399	518811.00000
40.15703	-0.01732	519003.00000
40.20677	-0.01951	519194.00000
40.25651	-0.02089	519385.00000
40.30651	-0.02138	519577.00000
40.35677	-0.02248	519770.00000
40.40677	-0.02428	519962.00000
40.45651	-0.02483	520153.00000
40.50599	-0.02584	520343.00000
40.55599	-0.02698	520535.00000
40.60651	-0.02805	520729.00000
40.65625	-0.02885	520920.00000
40.70625	-0.02956	521112.00000
40.75651	-0.02939	521305.00000
40.80677	-0.03036	521498.00000
40.85521	-0.02973	521684.00000
40.90729	-0.03141	521884.00000
40.95781	-0.03303	522078.00000
41.00807	-0.03682	522271.00000
41.05807	-0.04064	522463.00000
41.10807	-0.04549	522655.00000
41.15781	-0.04819	522846.00000
41.20807	-0.05038	523039.00000
41.25807	-0.05007	523231.00000
41.30807	-0.04623	523423.00000
41.35755	-0.04073	523613.00000
41.40781	-0.03221	523806.00000
41.45781	-0.02414	523998.00000
41.50729	-0.01598	524188.00000
41.55755	-0.01020	524381.00000
41.60729	-0.00641	524572.00000
41.65729	-0.00537	524764.00000
41.70703	-0.00605	524955.00000
41.75729	-0.00800	525148.00000
41.80755	-0.01085	525341.00000
41.85703	-0.01229	525531.00000
41.90729	-0.01233	525724.00000
41.95677	-0.01219	525914.00000
42.00677	-0.01033	526106.00000
42.05625	-0.00711	526296.00000
42.10521	-0.00371	526484.00000
42.15573	-0.00123	526678.00000
42.20625	0.00178	526872.00000
42.25599	0.00271	527063.00000
42.30599	0.00316	527255.00000
42.35599	0.00263	527447.00000
42.40495	0.00153	527635.00000
42.45599	0.00133	527831.00000
42.50469	0.00081	528018.00000
42.55573	-0.00076	528214.00000
42.60625	-0.00183	528408.00000
42.65677	-0.00383	528602.00000
42.70703	-0.00544	528795.00000
42.75651	-0.00715	528985.00000
42.80625	-0.00777	529176.00000
42.85521	-0.00968	529364.00000
42.90521	-0.00993	529556.00000
42.95625	-0.01172	529752.00000
43.00703	-0.01258	529947.00000
43.05599	-0.01270	530135.00000
43.10625	-0.01123	530328.00000
43.15625	-0.01001	530520.00000
43.20729	-0.00821	530716.00000
43.25729	-0.00773	530908.00000
43.30755	-0.00889	531101.00000
43.35677	-0.01125	531290.00000
43.40677	-0.01499	531482.00000
43.45677	-0.01994	531674.00000
43.50703	-0.02590	531867.00000
43.55703	-0.03046	532059.00000
43.60729	-0.03561	532252.00000
43.65755	-0.04036	532445.00000
43.70755	-0.04350	532637.00000
43.75729	-0.04486	532828.00000
43.80729	-0.04634	533020.00000
43.85703	-0.04681	533211.00000
43.90703	-0.04708	533403.00000
43.95625	-0.04678	533592.00000
44.00573	-0.04718	533782.00000
44.05651	-0.04647	533977.00000
44.10599	-0.04599	534167.00000
44.15625	-0.04435	534360.00000
44.20625	-0.04257	534552.00000
44.25703	-0.03950	534747.00000
44.30677	-0.03510	534938.00000
44.35677	-0.03199	535130.00000
44.40547	-0.02897	535317.00000
44.45521	-0.02644	535508.00000
44.50443	-0.02397	535697.00000
44.55391	-0.02358	535887.00000
44.60469	-0.02382	536082.00000
44.65547	-0.02367	536277.00000
44.70495	-0.02489	536467.00000
44.75521	-0.02542	536660.00000
44.80573	-0.02608	536854.00000
44.85625	-0.02542	537048.00000
44.90573	-0.02412	537238.00000
44.95547	-0.02192	537429.00000
45.00547	-0.01944	537621.00000
45.05625	-0.01806	537816.00000
45.10651	-0.01707	538009.00000
45.15703	-0.01750	538203.00000
45.20755	-0.02000	538397.00000
45.25651	-0.02286	538585.00000
45.30677	-0.02585	538778.00000
45.35651	-0.02841	538969.00000
45.40703	-0.02969	539163.00000
45.45651	-0.02878	539353.00000
45.50807	-0.02748	539551.00000
45.55807	-0.02454	539743.00000
45.60807	-0.02160	539935.00000
45.65807	-0.01824	540127.00000
45.70781	-0.01671	540318.00000
45.75729	-0.01526	540508.00000
45.80807	-0.01565	540703.00000
45.85781	-0.01591	540894.00000
45.90703	-0.01709	541083.00000
45.95729	-0.01901	541276.00000
46.00729	-0.02080	541468.00000
46.05755	-0.02190	541661.00000
46.10807	-0.02236	541855.00000
46.15729	-0.02101	542044.00000
46.20755	-0.01908	542237.00000
46.25703	-0.01742	542427.00000
46.30677	-0.01461	542618.00000
46.35651	-0.01391	542809.00000
46.40677	-0.01271	543002.00000
46.45703	-0.01134	543195.00000
46.50729	-0.00957	543388.00000
46.55703	-0.00802	543579.00000
46.60677	-0.00593	543770.00000
46.65625	-0.00493	543960.00000
46.70651	-0.00314	544153.00000
46.75599	-0.00250	544343.00000
46.80625	-0.00260	544536.00000
46.85651	-0.00302	544729.00000
46.90625	-0.00491	544920.00000
46.95625	-0.00751	545112.00000
47.00625	-0.00967	545304.00000
47.05625	-0.01142	545496.00000
47.10677	-0.01145	545690.00000
47.15677	-0.01086	545882.00000
47.20755	-0.00922	546077.00000
47.25755	-0.00829	546269.00000
47.30807	-0.00736	546463.00000
47.35781	-0.00664	546654.00000
47.40781	-0.00736	546846.00000
47.45755	-0.00827	547037.00000
47.50781	-0.01016	547230.00000
47.55781	-0.01144	547422.00000
47.60781	-0.01289	547614.00000
47.65755	-0.01459	547805.00000
47.70755	-0.01652	547997.00000
47.75781	-0.01628	548190.00000
47.80703	-0.01445	548379.00000
47.85703	-0.01302	548571.00000
47.90729	-0.01006	548764.00000
47.95729	-0.00699	548956.00000
48.00755	-0.00338	549149.00000
48.05781	-0.00080	549342.00000
48.10703	0.00210	549531.00000
48.15781	0.00455	549726.00000
48.20729	0.00596	549916.00000
48.25703	0.00657	550107.00000
48.30677	0.00780	550298.00000
48.35625	0.00932	550488.00000
48.40625	0.01123	550680.00000
48.45651	0.01312	550873.00000
48.50651	0.01471	551065.00000
48.55651	0.01592	551257.00000
48.60729	0.01654	551452.00000
48.65651	0.01742	551641.00000
48.70651	0.01669	551833.00000
48.75599	0.01630	552023.00000
48.80599	0.01608	552215.00000
48.85651	0.01606	552409.00000
48.90547	0.01603	552597.00000
48.95599	0.01708	552791.00000
49.00625	0.01817	552984.00000
49.05677	0.01927	553178.00000
49.10651	0.02022	553369.00000
49.15599	0.02195	553559.00000
49.20599	0.02196	553751.00000
49.25703	0.02235	553947.00000
49.30703	0.02067	554139.00000
49.35755	0.01945	554333.00000
49.40833	0.01767	554528.00000
49.45807	0.01546	554719.00000
49.50807	0.01417	554911.00000
49.55807	0.01217	555103.00000
49.60755	0.01100	555293.00000
49.65807	0.01076	555487.00000
49.70807	0.01133	555679.00000
49.75729	0.01346	555868.00000
49.80755	0.01601	556061.00000
49.85729	0.01918	556252.00000
49.90755	0.02278	556445.00000
49.95729	0.02567	556636.00000
50.00755	0.02809	556829.00000
50.05781	0.03051	557022.00000
50.10755	0.03058	557213.00000
50.15729	0.02986	557404.00000
50.20729	0.02882	557596.00000
50.25703	0.02623	557787.00000
50.30703	0.02468	557979.00000
50.35651	0.02272	558169.00000
50.40417	0.02087	558352.00000
50.45625	0.01963	558552.00000
50.50469	0.01889	558738.00000
50.55599	0.01869	558935.00000
50.60703	0.01856	559131.00000
50.65755	0.01963	559325.00000
50.70755	0.02014	559517.00000
50.75703	0.02230	559707.00000
50.80703	0.02343	559899.00000
50.85677	0.02516	560090.00000
50.90599	0.02438	560279.00000
50.95599	0.02300	560471.00000
51.00677	0.02040	560666.00000
51.05703	0.01637	560859.00000
51.10651	0.01291	561049.00000
51.15677	0.00859	561242.00000
51.20651	0.00446	561433.00000
51.25651	-0.00029	561625.00000
51.30599	-0.00484	561815.00000
51.35573	-0.00825	562006.00000
51.40521	-0.01128	562196.00000
51.45547	-0.01297	562389.00000
51.50573	-0.01393	562582.00000
51.55521	-0.01308	562772.00000
51.60495	-0.01119	562963.00000
51.65417	-0.01026	563152.00000
51.70339	-0.00894	563341.00000
51.75443	-0.00750	563537.00000
51.80417	-0.00803	563728.00000
51.85469	-0.00938	563922.00000
51.90573	-0.01091	564118.00000
51.95313	-0.01248	564300.00000
52.00260	-0.01434	564490.00000
52.05313	-0.01606	564684.00000
52.10365	-0.01802	564878.00000
52.15469	-0.01894	565074.00000
52.20313	-0.02026	565260.00000
52.25208	-0.02126	565448.00000
52.30286	-0.02237	565643.00000
52.35182	-0.02381	565831.00000
52.40313	-0.02469	566028.00000
52.45391	-0.02633	566223.00000
52.50443	-0.02678	566417.00000
52.55286	-0.02679	566603.00000
52.60365	-0.02596	566798.00000
52.65313	-0.02645	566988.00000
52.70313	-0.02698	567180.00000
52.75391	-0.02774	567375.00000
52.80391	-0.02783	567567.00000
52.85365	-0.02882	567758.00000
52.90208	-0.02916	567944.00000
52.95339	-0.03031	568141.00000
53.00391	-0.03062	568335.00000
53.05391	-0.03128	568527.00000
53.10391	-0.03217	568719.00000
53.15443	-0.03186	568913.00000
53.20703	-0.03121	569115.00000
53.25703	-0.02876	569307.00000
53.30625	-0.02529	569496.00000
53.35625	-0.02033	569688.00000
53.40703	-0.01495	569883.00000
53.45703	-0.00890	570075.00000
53.50677	-0.00475	570266.00000
53.55729	-0.00049	570460.00000
53.60755	0.00168	570653.00000
53.65703	0.00327	570843.00000
53.70677	0.00364	571034.00000
53.75703	0.00346	571227.00000
53.80677	0.00298	571418.00000
53.85573	0.00242	571606.00000
53.90573	0.00226	571798.00000
53.95573	0.00185	571990.00000
54.00573	0.00269	572182.00000
54.05469	0.00284	572370.00000
54.10417	0.00265	572560.00000
54.15339	0.00374	572749.00000
54.20443	0.00462	572945.00000
54.25521	0.00492	573140.00000
54.30599	0.00553	573335.00000
54.35625	0.00509	573528.00000
54.40625	0.00348	573720.00000
54.45495	0.00217	573907.00000
54.50495	-0.00032	574099.00000
54.55495	-0.00388	574291.00000
54.60573	-0.00725	574486.00000
54.65365	-0.01010	574670.00000
54.70443	-0.01212	574865.00000
54.75599	-0.01507	575063.00000
54.80599	-0.01668	575255.00000
54.85521	-0.01756	575444.00000
54.90469	-0.01839	575634.00000
54.95391	-0.01876	575823.00000
55.00469	-0.01965	576018.00000
55.05443	-0.02010	576209.00000
55.10391	-0.02082	576399.00000
55.15391	-0.02099	576591.00000
55.20391	-0.02059	576783.00000
55.25365	-0.02065	576974.00000
55.30469	-0.01947	577170.00000
55.35599	-0.01895	577367.00000
55.40469	-0.01876	577554.00000
55.45417	-0.01952	577744.00000
55.50234	-0.01994	577929.00000
55.55313	-0.02145	578124.00000
55.60365	-0.02242	578318.00000
55.65365	-0.02411	578510.00000
55.70391	-0.02433	578703.00000
55.75469	-0.02439	578898.00000
55.80599	-0.02372	579095.00000
55.85703	-0.02223	579291.00000
55.90651	-0.02232	579481.00000
55.95573	-0.02246	579670.00000
56.00599	-0.02159	579863.00000
56.05677	-0.02248	580058.00000
56.10677	-0.02415	580250.00000
56.15677	-0.02497	580442.00000
56.20677	-0.02615	580634.00000
56.25677	-0.02779	580826.00000
56.30677	-0.02959	581018.00000
56.35651	-0.03126	581209.00000
56.40625	-0.03271	581400.00000
56.45573	-0.03482	581590.00000
56.50599	-0.03685	581783.00000
56.55547	-0.03905	581973.00000
56.60469	-0.04245	582162.00000
56.65391	-0.04512	582351.00000
56.70339	-0.04695	582541.00000
56.75469	-0.04978	582738.00000
56.80599	-0.05088	582935.00000
56.85469	-0.05213	583122.00000
56.90495	-0.05167	583315.00000
56.95443	-0.04968	583505.00000
57.00495	-0.04692	583699.00000
57.05495	-0.04339	583891.00000
57.10391	-0.04069	584079.00000
57.15495	-0.03701	584275.00000
57.20573	-0.03540	584470.00000
57.25547	-0.03395	584661.00000
57.30547	-0.03428	584853.00000
57.35599	-0.03432	585047.00000
57.40651	-0.03575	585241.00000
57.45573	-0.03655	585430.00000
57.50521	-0.03691	585620.00000
57.55521	-0.03618	585812.00000
57.60573	-0.03524	586006.00000
57.65547	-0.03402	586197.00000
57.70417	-0.03278	586384.00000
57.75547	-0.03125	586581.00000
57.80521	-0.03020	586772.00000
57.85521	-0.03067	586964.00000
57.90469	-0.02980	587154.00000
57.95547	-0.02953	587349.00000
58.00703	-0.02965	587547.00000
58.05703	-0.03063	587739.00000
58.10729	-0.03081	587932.00000
58.15755	-0.03083	588125.00000
58.20703	-0.03044	588315.00000
58.25729	-0.03004	588508.00000
58.30729	-0.02964	588700.00000
58.35677	-0.02751	588890.00000
58.40651	-0.02576	589081.00000
58.45573	-0.02350	589270.00000
58.50573	-0.02164	589462.00000
58.55573	-0.01936	589654.00000
58.60547	-0.01655	589845.00000
58.65521	-0.01316	590036.00000
58.70365	-0.00970	590222.00000
58.75443	-0.00564	590417.00000
58.80729	-0.00119	590620.00000
58.85703	0.00276	590811.00000
58.90703	0.00689	591003.00000
58.95703	0.01128	591195.00000
59.00677	0.01429	591386.00000
59.05703	0.01688	591579.00000
59.10729	0.01810	591772.00000
59.15703	0.01903	591963.00000
59.20703	0.01851	592155.00000
59.25625	0.01714	592344.00000
59.30443	0.01612	592529.00000
59.35495	0.01398	592723.00000
59.40651	0.01192	592921.00000
59.45703	0.00970	593115.00000
59.50625	0.00645	593304.00000
59.55651	0.00345	593497.00000
59.60833	-0.00002	593696.00000
59.65885	-0.00361	593890.00000
59.71068	-0.00827	594089.00000
59.76042	-0.01141	594280.00000
59.80833	-0.01508	594464.00000
59.85964	-0.01879	594661.00000
59.90990	-0.02072	594854.00000
59.96094	-0.02397	595050.00000
60.00885	-0.02658	595234.00000
60.06068	-0.02941	595433.00000
60.11146	-0.03355	595628.00000
60.16042	-0.03703	595816.00000
60.21068	-0.04251	596009.00000
60.26120	-0.04859	596203.00000
60.31172	-0.05415	596397.00000
60.36120	-0.06008	596587.00000
60.41198	-0.06636	596782.00000
60.46172	-0.07213	596973.00000
60.51016	-0.07700	597159.00000
60.55990	-0.08155	597350.00000
60.61042	-0.08607	597544.00000
60.66042	-0.08998	597736.00000
60.70990	-0.09404	597926.00000
60.75937	-0.09925	598116.00000
60.80938	-0.10342	598308.00000
60.85911	-0.10859	598499.00000
60.90911	-0.11380	598691.00000
60.95911	-0.11735	598883.00000
61.00885	-0.12110	599074.00000
61.05807	-0.12366	599263.00000
61.10729	-0.12445	599452.00000
61.15703	-0.12442	599643.00000
61.20807	-0.12262	599839.00000
61.25807	-0.12145	600031.00000
61.30885	-0.11964	600226.00000
61.35833	-0.11813	600416.00000
61.40755	-0.11732	600605.00000
61.45755	-0.11784	600797.00000
61.50729	-0.11865	600988.00000
61.55703	-0.11914	601179.00000
61.60729	-0.11905	601372.00000
61.65807	-0.11708	601567.00000
61.70807	-0.11416	601759.00000
61.75781	-0.10955	601950.00000
61.80807	-0.10456	602143.00000
61.85703	-0.09889	602331.00000
61.90703	-0.09210	602523.00000
61.95625	-0.08579	602712.00000
62.00807	-0.07715	602911.00000
62.05781	-0.06894	603102.00000
62.10807	-0.05954	603295.00000
62.15677	-0.05021	603482.00000
62.20677	-0.04069	603674.00000
62.25573	-0.03053	603862.00000
62.30547	-0.02166	604053.00000
62.35573	-0.01340	604246.00000
62.40703	-0.00480	604443.00000
62.45807	0.00225	604639.00000
62.50833	0.00936	604832.00000
62.55781	0.01587	605022.00000
62.60729	0.02168	605212.00000
62.65703	0.02839	605403.00000
62.70573	0.03356	605590.00000
62.75547	0.03888	605781.00000
62.80547	0.04471	605973.00000
62.85495	0.04960	606163.00000
62.90547	0.05408	606357.00000
62.95599	0.05682	606551.00000
63.00625	0.05898	606744.00000
63.05677	0.06021	606938.00000
63.10729	0.06014	607132.00000
63.15729	0.05800	607324.00000
63.20755	0.05644	607517.00000
63.25755	0.05492	607709.00000
63.30703	0.05410	607899.00000
63.35599	0.05332	608087.00000
63.40547	0.05321	608277.00000
63.45469	0.05355	608466.00000
63.50391	0.05454	608655.00000
63.55443	0.05499	608849.00000
63.60391	0.05566	609039.00000
63.65417	0.05557	609232.00000
63.70443	0.05432	609425.00000
63.75469	0.05271	609618.00000
63.80625	0.05109	609816.00000
63.85651	0.04798	610009.00000
63.90729	0.04581	610204.00000
63.95755	0.04301	610397.00000
64.00729	0.04003	610588.00000
64.05781	0.03585	610782.00000
64.10807	0.03288	610975.00000
64.15781	0.02906	611166.00000
64.20729	0.02541	611356.00000
64.25807	0.02072	611551.00000
64.30651	0.01706	611737.00000
64.35573	0.01300	611926.00000
64.40573	0.00952	612118.00000
64.45521	0.00655	612308.00000
64.50443	0.00439	612497.00000
64.55391	0.00186	612687.00000
64.60469	0.00105	612882.00000
64.65417	0.00018	613072.00000
64.70469	0.00066	613266.00000
64.75469	0.00154	613458.00000
64.80391	0.00032	613647.00000
64.85365	0.00024	613838.00000
64.90391	-0.00064	614031.00000
64.95365	-0.00312	614222.00000
65.00495	-0.00596	614419.00000
65.05573	-0.00760	614614.00000
65.10599	-0.00893	614807.00000
65.15547	-0.00966	614997.00000
65.20495	-0.01010	615187.00000
65.25417	-0.00800	615376.00000
65.30443	-0.00638	615569.00000
65.35443	-0.00378	615761.00000
65.40260	-0.00061	615946.00000
65.45443	0.00348	616145.00000
65.50495	0.00581	616339.00000
65.55443	0.00817	616529.00000
65.60469	0.00957	616722.00000
65.65443	0.01061	616913.00000
65.70417	0.01093	617104.00000
65.75365	0.01175	617294.00000
65.80443	0.01223	617489.00000
65.85495	0.01341	617683.00000
65.90339	0.01439	617869.00000
65.95443	0.01680	618065.00000
66.00286	0.01873	618251.00000
66.05417	0.02141	618448.00000
66.10417	0.02361	618640.00000
66.15313	0.02665	618828.00000
66.20078	0.02991	619011.00000
66.25339	0.03364	619213.00000
66.30312	0.03670	619404.00000
66.35365	0.04017	619598.00000
66.40417	0.04240	619792.00000
66.45286	0.04413	619979.00000
66.50286	0.04473	620171.00000
66.55339	0.04558	620365.00000
66.60286	0.04476	620555.00000
66.65391	0.04286	620751.00000
66.70286	0.04226	620939.00000
66.75339	0.03977	621133.00000
66.80547	0.03858	621333.00000
66.85443	0.03817	621521.00000
66.90365	0.03797	621710.00000
66.95260	0.03978	621898.00000
67.00286	0.04281	622091.00000
67.05182	0.04571	622279.00000
67.10339	0.04887	622477.00000
67.15182	0.05148	622663.00000
67.20313	0.05243	622860.00000
67.25339	0.05312	623053.00000
67.30339	0.05166	623245.00000
67.35234	0.04843	623433.00000
67.40182	0.04538	623623.00000
67.45547	0.04198	623829.00000
67.50208	0.03819	624008.00000
67.55312	0.03446	624204.00000
67.60313	0.03157	624396.00000
67.65365	0.02864	624590.00000
67.70469	0.02714	624786.00000
67.75365	0.02619	624974.00000
67.80339	0.02562	625165.00000
67.85365	0.02587	625358.00000
67.90234	0.02577	625545.00000
67.95365	0.02732	625742.00000
68.00443	0.02823	625937.00000
68.05391	0.02827	626127.00000
68.10260	0.02901	626314.00000
68.15339	0.02869	626509.00000
68.20391	0.02769	626703.00000
68.25339	0.02644	626893.00000
68.30417	0.02424	627088.00000
68.35443	0.02207	627281.00000
68.40469	0.01947	627474.00000
68.45417	0.01552	627664.00000
68.50417	0.01181	627856.00000
68.55417	0.00704	628048.00000
68.60313	0.00263	628236.00000
68.65365	-0.00030	628430.00000
68.70417	-0.00193	628624.00000
68.75156	-0.00214	628806.00000
68.80417	-0.00178	629008.00000
68.85703	-0.00159	629211.00000
68.90703	-0.00104	629403.00000
68.95755	-0.00005	629597.00000
69.00703	0.00068	629787.00000
69.05599	0.00111	629975.00000
69.10521	0.00088	630164.00000
69.15573	0.00032	630358.00000
69.20573	-0.00060	630550.00000
69.25521	-0.00214	630740.00000
69.30521	-0.00396	630932.00000
69.35573	-0.00546	631126.00000
69.40573	-0.00695	631318.00000
69.45573	-0.00932	631510.00000
69.50521	-0.01075	631700.00000
69.55521	-0.01182	631892.00000
69.60521	-0.01298	632084.00000
69.65521	-0.01326	632276.00000
69.70573	-0.01367	632470.00000
69.75547	-0.01365	632661.00000
69.80495	-0.01461	632851.00000
69.85495	-0.01549	633043.00000
69.90547	-0.01632	633237.00000
69.95521	-0.01895	633428.00000
70.00469	-0.02071	633618.00000
70.05417	-0.02328	633808.00000
70.10469	-0.02604	634002.00000
70.15365	-0.02963	634190.00000
70.20495	-0.03329	634387.00000
70.25599	-0.03618	634583.00000
70.30703	-0.03964	634779.00000
70.35625	-0.04136	634968.00000
70.40599	-0.04288	635159.00000
70.45651	-0.04324	635353.00000
70.50703	-0.04387	635547.00000
70.55755	-0.04255	635741.00000
70.60781	-0.04139	635934.00000
70.65859	-0.03984	636129.00000
70.70781	-0.03804	636318.00000
70.75755	-0.03625	636509.00000
70.80807	-0.03607	636703.00000
70.85859	-0.03426	636897.00000
70.90807	-0.03290	637087.00000
70.95859	-0.03098	637281.00000
71.00859	-0.02860	637473.00000
71.05859	-0.02494	637665.00000
71.10807	-0.02109	637855.00000
71.15781	-0.01690	638046.00000
71.20807	-0.01182	638239.00000
71.25807	-0.00732	638431.00000
71.30703	-0.00394	638619.00000
71.35703	0.00097	638811.00000
71.40677	0.00420	639002.00000
71.45651	0.00858	639193.00000
71.50599	0.01100	639383.00000
71.55547	0.01259	639573.00000
71.60521	0.01381	639764.00000
71.65391	0.01479	639951.00000
71.70443	0.01417	640145.00000
71.75469	0.01360	640338.00000
71.80391	0.01070	640527.00000
71.85469	0.00864	640722.00000
71.90495	0.00505	640915.00000
71.95365	0.00156	641102.00000
72.00365	-0.00262	641294.00000
72.05495	-0.00663	641491.00000
72.10391	-0.01081	641679.00000
72.15469	-0.01454	641874.00000
72.20599	-0.01841	642071.00000
72.25521	-0.02119	642260.00000
72.30443	-0.02367	642449.00000
72.35443	-0.02467	642641.00000
72.40391	-0.02485	642831.00000
72.45417	-0.02488	643024.00000
72.50391	-0.02317	643215.00000
72.55339	-0.02020	643405.00000
72.60313	-0.01676	643596.00000
72.65339	-0.01389	643789.00000
72.70365	-0.00977	643982.00000
72.75339	-0.00600	644173.00000
72.80391	-0.00327	644367.00000
72.85365	-0.00096	644558.00000
72.90365	0.00084	644750.00000
72.95286	0.00207	644939.00000
73.00391	0.00180	645135.00000
73.05469	0.00101	645330.00000
73.10391	-0.00135	645519.00000
73.15443	-0.00432	645713.00000
73.20469	-0.00715	645906.00000
73.25260	-0.00937	646090.00000
73.30339	-0.01188	646285.00000
73.35208	-0.01386	646472.00000
73.40365	-0.01582	646670.00000
73.45495	-0.01769	646867.00000
73.50443	-0.01770	647057.00000
73.55495	-0.01861	647251.00000
73.60495	-0.01853	647443.00000
73.65443	-0.01931	647633.00000
73.70365	-0.01911	647822.00000
73.75417	-0.01917	648016.00000
73.80417	-0.01876	648208.00000
73.85417	-0.01896	648400.00000
73.90443	-0.01927	648593.00000
73.95443	-0.01939	648785.00000
74.00495	-0.02078	648979.00000
74.05391	-0.02176	649167.00000
74.10417	-0.02362	649360.00000
74.15391	-0.02613	649551.00000
74.20339	-0.02883	649741.00000
74.25417	-0.03162	649936.00000
74.30417	-0.03330	650128.00000
74.35417	-0.03482	650320.00000
74.40469	-0.03577	650514.00000
74.45599	-0.03541	650711.00000
74.50677	-0.03425	650906.00000
74.55729	-0.03095	651100.00000
74.60807	-0.02740	651295.00000
74.65807	-0.02321	651487.00000
74.70755	-0.01873	651677.00000
74.75729	-0.01359	651868.00000
74.80703	-0.00904	652059.00000
74.85677	-0.00463	652250.00000
74.90703	-0.00049	652443.00000
74.95625	0.00322	652632.00000
75.00677	0.00601	652826.00000
75.05651	0.00787	653017.00000
75.10625	0.00942	653208.00000
75.15651	0.00965	653401.00000
75.20677	0.00925	653594.00000
75.25703	0.00733	653787.00000
75.30573	0.00354	653974.00000
75.35547	-0.00078	654165.00000
75.40573	-0.00480	654358.00000
75.45573	-0.00910	654550.00000
75.50573	-0.01251	654742.00000
75.55521	-0.01527	654932.00000
75.60469	-0.01744	655122.00000
75.65417	-0.01782	655312.00000
75.70417	-0.01680	655504.00000
75.75443	-0.01495	655697.00000
75.80391	-0.01378	655887.00000
75.85365	-0.01069	656078.00000
75.90391	-0.00759	656271.00000
75.95365	-0.00496	656462.00000
76.00365	-0.00286	656654.00000
76.05365	-0.00072	656846.00000
76.10417	0.00068	657040.00000
76.15313	0.00114	657228.00000
76.20469	0.00171	657426.00000
76.25521	0.00118	657620.00000
76.30417	0.00067	657808.00000
76.35365	-0.00067	657998.00000
76.40339	-0.00321	658189.00000
76.45365	-0.00642	658382.00000
76.50286	-0.01050	658571.00000
76.55365	-0.01632	658766.00000
76.60495	-0.02275	658963.00000
76.65391	-0.02950	659151.00000
76.70313	-0.03715	659340.00000
76.75391	-0.04530	659535.00000
76.80312	-0.05403	659724.00000
76.85417	-0.06184	659920.00000
76.90417	-0.06958	660112.00000
76.95313	-0.07593	660300.00000
77.00469	-0.07998	660498.00000
77.05443	-0.08371	660689.00000
77.10469	-0.08399	660882.00000
77.15495	-0.08261	661075.00000
77.20521	-0.07991	661268.00000
77.25547	-0.07526	661461.00000
77.30521	-0.06902	661652.00000
77.35547	-0.06309	661845.00000
77.40599	-0.05663	662039.00000
77.45599	-0.05086	662231.00000
77.50547	-0.04542	662421.00000
77.55521	-0.04003	662612.00000
77.60547	-0.03578	662805.00000
77.65495	-0.03250	662995.00000
77.70521	-0.02896	663188.00000
77.75599	-0.02647	663383.00000
77.80573	-0.02436	663574.00000
77.85599	-0.02274	663767.00000
77.90573	-0.02274	663958.00000
77.95599	-0.02180	664151.00000
78.00625	-0.02276	664344.00000
78.05599	-0.02474	664535.00000
78.10521	-0.02747	664724.00000
78.15573	-0.03119	664918.00000
78.20495	-0.03577	665107.00000
78.25521	-0.04018	665300.00000
78.30495	-0.04495	665491.00000
78.35469	-0.05007	665682.00000
78.40443	-0.05336	665873.00000
78.45391	-0.05665	666063.00000
78.50312	-0.05893	666252.00000
78.55339	-0.06016	666445.00000
78.60286	-0.06009	666635.00000
78.65417	-0.05902	666832.00000
78.70286	-0.05636	667019.00000
78.75391	-0.05297	667215.00000
78.80443	-0.04802	667409.00000
78.85286	-0.04362	667595.00000
78.90339	-0.03871	667789.00000
78.95286	-0.03386	667979.00000
79.00339	-0.02981	668173.00000
79.05339	-0.02748	668365.00000
79.10391	-0.02524	668559.00000
79.15417	-0.02479	668752.00000
79.20365	-0.02504	668942.00000
79.25469	-0.02550	669138.00000
79.30312	-0.02612	669324.00000
79.35313	-0.02682	669516.00000
79.40313	-0.02766	669708.00000
79.45339	-0.02757	669901.00000
79.50234	-0.02723	670089.00000
79.55312	-0.02611	670284.00000
79.60417	-0.02472	670480.00000
79.65417	-0.02227	670672.00000
79.70469	-0.02001	670866.00000
79.75391	-0.01717	671055.00000
79.80417	-0.01457	671248.00000
79.85339	-0.01202	671437.00000
79.90208	-0.01048	671624.00000
79.95365	-0.00880	671822.00000
80.00208	-0.00943	672008.00000
