0.00234	-0.00934	364791.00000
0.05495	-0.01048	365011.00000
0.10365	-0.00973	365198.00000
0.15573	-0.01036	365398.00000
0.20573	-0.01047	365590.00000
0.25625	-0.01020	365784.00000
0.30651	-0.00980	365977.00000
0.35651	-0.01022	366169.00000
0.40729	-0.00990	366364.00000
0.45781	-0.01044	366558.00000
0.50703	-0.00948	366747.00000
0.55729	-0.01012	366940.00000
0.60729	-0.01006	367132.00000
0.65807	-0.01060	367327.00000
0.70755	-0.00962	367517.00000
0.75807	-0.00951	367711.00000
0.80833	-0.01005	367904.00000
0.85833	-0.00985	368096.00000
0.90807	-0.01020	368287.00000
0.95807	-0.00972	368479.00000
1.00859	-0.00967	368673.00000
1.05937	-0.00963	368868.00000
1.10911	-0.00979	369059.00000
1.15885	-0.01000	369250.00000
1.20911	-0.01093	369443.00000
1.25911	-0.01056	369635.00000
1.30859	-0.01076	369825.00000
1.35833	-0.01007	370016.00000
1.40807	-0.00990	370207.00000
1.45807	-0.00980	370399.00000
1.50729	-0.01032	370588.00000
1.55677	-0.01041	370778.00000
1.60703	-0.01064	370971.00000
1.65703	-0.01060	371163.00000
1.70677	-0.01035	371354.00000
1.75703	-0.01072	371547.00000
1.80729	-0.00989	371740.00000
1.85703	-0.00985	371931.00000
1.90703	-0.01025	372123.00000
1.95625	-0.01044	372312.00000
2.00599	-0.00996	372503.00000
2.05573	-0.01016	372694.00000
2.10521	-0.01058	372884.00000
2.15495	-0.01066	373075.00000
2.20547	-0.01006	373269.00000
2.25495	-0.01088	373459.00000
2.30417	-0.00982	373648.00000
2.35495	-0.00950	373843.00000
2.40625	-0.01050	374040.00000
2.45651	-0.01061	374233.00000
2.50703	-0.01015	374427.00000
2.55573	-0.01056	374614.00000
2.60521	-0.00991	374804.00000
2.65495	-0.01039	374995.00000
2.70469	-0.00993	375186.00000
2.75573	-0.01037	375382.00000
2.80651	-0.00924	375577.00000
2.85677	-0.01007	375770.00000
2.90703	-0.01082	375963.00000
2.95729	-0.00984	376156.00000
3.00755	-0.01030	376349.00000
3.05703	-0.01071	376539.00000
3.10729	-0.01049	376732.00000
3.15729	-0.00989	376924.00000
3.20755	-0.00934	377117.00000
3.25703	-0.00974	377307.00000
3.30651	-0.01073	377497.00000
3.35625	-0.01026	377688.00000
3.40625	-0.01040	377880.00000
3.45651	-0.01070	378073.00000
3.50625	-0.01113	378264.00000
3.55625	-0.01055	378456.00000
3.60573	-0.01015	378646.00000
3.65495	-0.01003	378835.00000
3.70469	-0.01056	379026.00000
3.75469	-0.01098	379218.00000
3.80495	-0.01068	379411.00000
3.85495	-0.01076	379603.00000
3.90573	-0.01026	379798.00000
3.95573	-0.01026	379990.00000
4.00469	-0.01124	380178.00000
4.05443	-0.01085	380369.00000
4.10495	-0.01033	380563.00000
4.15547	-0.01069	380757.00000
4.20547	-0.01040	380949.00000
4.25599	-0.01052	381143.00000
4.30469	-0.01055	381330.00000
4.35339	-0.01058	381517.00000
4.40469	-0.01098	381714.00000
4.45495	-0.01086	381907.00000
4.50521	-0.01075	382100.00000
4.55521	-0.01054	382292.00000
4.60521	-0.01066	382484.00000
4.65599	-0.01041	382679.00000
4.70677	-0.01079	382874.00000
4.75729	-0.01090	383068.00000
4.80729	-0.01052	383260.00000
4.85729	-0.01044	383452.00000
4.90286	-0.01006	383627.00000
4.95521	-0.01002	383828.00000
5.00547	-0.01059	384021.00000
5.05469	-0.01001	384210.00000
5.10521	-0.01022	384404.00000
5.15547	-0.01070	384597.00000
5.20573	-0.01050	384790.00000
5.25677	-0.01103	384986.00000
5.30625	-0.01051	385176.00000
5.35599	-0.01085	385367.00000
5.40573	-0.01007	385558.00000
5.45573	-0.00997	385750.00000
5.50521	-0.01067	385940.00000
5.55521	-0.01081	386132.00000
5.60521	-0.01076	386324.00000
5.65469	-0.00981	386514.00000
5.70469	-0.00972	386706.00000
5.75391	-0.01046	386895.00000
5.80443	-0.01009	387089.00000
5.85521	-0.01071	387284.00000
5.90469	-0.01051	387474.00000
5.95443	-0.01033	387665.00000
6.00417	-0.01037	387856.00000
6.05208	-0.01018	388040.00000
6.10156	-0.01107	388230.00000
6.15391	-0.01044	388431.00000
6.20755	-0.01016	388637.00000
6.25703	-0.01035	388827.00000
6.30651	-0.01056	389017.00000
6.35677	-0.01077	389210.00000
6.40703	-0.00987	389403.00000
6.45573	-0.01043	389590.00000
6.50521	-0.01072	389780.00000
6.55547	-0.01021	389973.00000
6.60573	-0.01048	390166.00000
6.65651	-0.01025	390361.00000
6.70755	-0.01098	390557.00000
6.75729	-0.00997	390748.00000
6.80729	-0.01028	390940.00000
6.85755	-0.01083	391133.00000
6.90729	-0.01009	391324.00000
6.95703	-0.01089	391515.00000
7.00703	-0.01090	391707.00000
7.05703	-0.00997	391899.00000
7.10677	-0.01069	392090.00000
7.15599	-0.01026	392279.00000
7.20625	-0.01020	392472.00000
7.25651	-0.01014	392665.00000
7.30521	-0.01025	392852.00000
7.35417	-0.01051	393040.00000
7.40495	-0.01064	393235.00000
7.45469	-0.01096	393426.00000
7.50469	-0.01082	393618.00000
7.55495	-0.01072	393811.00000
7.60443	-0.01067	394001.00000
7.65391	-0.01062	394191.00000
7.70365	-0.01094	394382.00000
7.75443	-0.01102	394577.00000
7.80312	-0.01083	394764.00000
7.85339	-0.01123	394957.00000
7.90469	-0.01072	395154.00000
7.95365	-0.01025	395342.00000
8.00417	-0.01082	395536.00000
8.05391	-0.01157	395727.00000
8.10365	-0.01046	395918.00000
8.15365	-0.01083	396110.00000
8.20365	-0.01143	396302.00000
8.25417	-0.01100	396496.00000
8.30391	-0.01068	396687.00000
8.35417	-0.01071	396880.00000
8.40391	-0.01085	397071.00000
8.45208	-0.01044	397256.00000
8.50313	-0.01079	397452.00000
8.55391	-0.01077	397647.00000
8.60339	-0.01077	397837.00000
8.65312	-0.01101	398028.00000
8.70260	-0.01121	398218.00000
8.75443	-0.01074	398417.00000
8.80443	-0.01091	398609.00000
8.85547	-0.01170	398805.00000
8.90547	-0.01090	398997.00000
8.95547	-0.01106	399189.00000
9.00521	-0.01115	399380.00000
9.05521	-0.01128	399572.00000
9.10443	-0.01146	399761.00000
9.15469	-0.01106	399954.00000
9.20547	-0.01099	400149.00000
9.25547	-0.01041	400341.00000
9.30599	-0.01157	400535.00000
9.35599	-0.01183	400727.00000
9.40547	-0.01125	400917.00000
9.45573	-0.01108	401110.00000
9.50547	-0.01115	401301.00000
9.55521	-0.01169	401492.00000
9.60573	-0.01134	401686.00000
9.65599	-0.01149	401879.00000
9.70651	-0.01136	402073.00000
9.75651	-0.01160	402265.00000
9.80651	-0.01165	402457.00000
9.85677	-0.01174	402650.00000
9.90677	-0.01197	402842.00000
9.95677	-0.01168	403034.00000
10.00703	-0.01117	403227.00000
10.05677	-0.01132	403418.00000
10.10547	-0.01090	403605.00000
10.15677	-0.01162	403802.00000
10.20703	-0.01096	403995.00000
10.25703	-0.01100	404187.00000
10.30729	-0.01156	404380.00000
10.35599	-0.01091	404567.00000
10.40703	-0.01163	404763.00000
10.45755	-0.01137	404957.00000
10.50833	-0.01085	405152.00000
10.55833	-0.01106	405344.00000
10.60859	-0.01177	405537.00000
10.65807	-0.01064	405727.00000
10.70833	-0.01107	405920.00000
10.75859	-0.01164	406113.00000
10.80885	-0.01142	406306.00000
10.85859	-0.01076	406497.00000
10.90807	-0.01085	406687.00000
10.95807	-0.01120	406879.00000
11.00781	-0.01170	407070.00000
11.05729	-0.01117	407260.00000
11.10729	-0.01111	407452.00000
11.15729	-0.01169	407644.00000
11.20781	-0.01134	407838.00000
11.25755	-0.01207	408029.00000
11.30755	-0.01138	408221.00000
11.35833	-0.01171	408416.00000
11.40781	-0.01164	408606.00000
11.45807	-0.01062	408799.00000
11.50755	-0.01078	408989.00000
11.55755	-0.01182	409181.00000
11.60781	-0.01152	409374.00000
11.65781	-0.01111	409566.00000
11.70755	-0.01104	409757.00000
11.75781	-0.01109	409950.00000
11.80677	-0.01176	410138.00000
11.85703	-0.01176	410331.00000
11.90807	-0.01174	410527.00000
11.95755	-0.01117	410717.00000
12.00807	-0.01163	410911.00000
12.05885	-0.01184	411106.00000
12.10859	-0.01185	411297.00000
12.15807	-0.01133	411487.00000
12.20807	-0.01174	411679.00000
12.25729	-0.01220	411868.00000
12.30729	-0.01199	412060.00000
12.35625	-0.01207	412248.00000
12.40651	-0.01247	412441.00000
12.45625	-0.01179	412632.00000
12.50599	-0.01292	412823.00000
12.55599	-0.01209	413015.00000
12.60625	-0.01238	413208.00000
12.65573	-0.01241	413398.00000
12.70599	-0.01250	413591.00000
12.75651	-0.01264	413785.00000
12.80755	-0.01268	413981.00000
12.85755	-0.01302	414173.00000
12.90703	-0.01342	414363.00000
12.95677	-0.01385	414554.00000
13.00677	-0.01344	414746.00000
13.05729	-0.01390	414940.00000
13.10651	-0.01356	415129.00000
13.15573	-0.01350	415318.00000
13.20651	-0.01299	415513.00000
13.25677	-0.01310	415706.00000
13.30651	-0.01229	415897.00000
13.35599	-0.01140	416087.00000
13.40599	-0.01057	416279.00000
13.45651	-0.00993	416473.00000
13.50521	-0.00940	416660.00000
13.55469	-0.00823	416850.00000
13.60469	-0.00829	417042.00000
13.65547	-0.00725	417237.00000
13.70521	-0.00781	417428.00000
13.75495	-0.00802	417619.00000
13.80417	-0.00808	417808.00000
13.85443	-0.00845	418001.00000
13.90417	-0.00896	418192.00000
13.95443	-0.00940	418385.00000
14.00365	-0.00943	418574.00000
14.05365	-0.01027	418766.00000
14.10313	-0.01055	418956.00000
14.15391	-0.01072	419151.00000
14.20599	-0.01129	419351.00000
14.25521	-0.01160	419540.00000
14.30260	-0.01216	419722.00000
14.35391	-0.01233	419919.00000
14.40469	-0.01290	420114.00000
14.45313	-0.01294	420300.00000
14.50417	-0.01314	420496.00000
14.55417	-0.01289	420688.00000
14.60521	-0.01271	420884.00000
14.65495	-0.01362	421075.00000
14.70521	-0.01306	421268.00000
14.75521	-0.01335	421460.00000
14.80495	-0.01331	421651.00000
14.85417	-0.01344	421840.00000
14.90417	-0.01406	422032.00000
14.95417	-0.01419	422224.00000
15.00599	-0.01378	422423.00000
15.05651	-0.01369	422617.00000
15.10573	-0.01435	422806.00000
15.15495	-0.01432	422995.00000
15.20599	-0.01412	423191.00000
15.25625	-0.01454	423384.00000
15.30599	-0.01413	423575.00000
15.35521	-0.01373	423764.00000
15.40495	-0.01419	423955.00000
15.45599	-0.01391	424151.00000
15.50703	-0.01382	424347.00000
15.55651	-0.01355	424537.00000
15.60547	-0.01330	424725.00000
15.65521	-0.01273	424916.00000
15.70547	-0.01186	425109.00000
15.75417	-0.01184	425296.00000
15.80417	-0.01048	425488.00000
15.85495	-0.00927	425683.00000
15.90495	-0.00726	425875.00000
15.95495	-0.00712	426067.00000
16.00495	-0.00642	426259.00000
16.05521	-0.00607	426452.00000
16.10495	-0.00595	426643.00000
16.15443	-0.00631	426833.00000
16.20495	-0.00726	427027.00000
16.25391	-0.00920	427215.00000
16.30391	-0.01055	427407.00000
16.35391	-0.01172	427599.00000
16.40417	-0.01313	427792.00000
16.45417	-0.01433	427984.00000
16.50391	-0.01546	428175.00000
16.55469	-0.01617	428370.00000
16.60417	-0.01677	428560.00000
16.65417	-0.01744	428752.00000
16.70391	-0.01754	428943.00000
16.75365	-0.01787	429134.00000
16.80365	-0.01809	429326.00000
16.85339	-0.01656	429517.00000
16.90312	-0.01742	429708.00000
16.95339	-0.01711	429901.00000
17.00417	-0.01650	430096.00000
17.05469	-0.01655	430290.00000
17.10391	-0.01662	430479.00000
17.15547	-0.01613	430677.00000
17.20547	-0.01638	430869.00000
17.25599	-0.01625	431063.00000
17.30625	-0.01681	431256.00000
17.35625	-0.01622	431448.00000
17.40677	-0.01625	431642.00000
17.45703	-0.01651	431835.00000
17.50729	-0.01606	432028.00000
17.55703	-0.01646	432219.00000
17.60729	-0.01615	432412.00000
17.65729	-0.01619	432604.00000
17.70729	-0.01555	432796.00000
17.75703	-0.01575	432987.00000
17.80677	-0.01560	433178.00000
17.85677	-0.01468	433370.00000
17.90625	-0.01457	433560.00000
17.95547	-0.01432	433749.00000
18.00599	-0.01453	433943.00000
18.05677	-0.01502	434138.00000
18.10651	-0.01565	434329.00000
18.15677	-0.01423	434522.00000
18.20651	-0.01446	434713.00000
18.25651	-0.01403	434905.00000
18.30573	-0.01414	435094.00000
18.35391	-0.01364	435279.00000
18.40495	-0.01338	435475.00000
18.45651	-0.01412	435673.00000
18.50755	-0.01516	435869.00000
18.55781	-0.01602	436062.00000
18.60781	-0.01669	436254.00000
18.65703	-0.01806	436443.00000
18.70755	-0.01871	436637.00000
18.75755	-0.02018	436829.00000
18.80755	-0.02141	437021.00000
18.85781	-0.02184	437214.00000
18.90729	-0.02280	437404.00000
18.95755	-0.02373	437597.00000
19.00781	-0.02392	437790.00000
19.05781	-0.02411	437982.00000
19.10729	-0.02497	438172.00000
19.15651	-0.02522	438361.00000
19.20755	-0.02559	438557.00000
19.25729	-0.02660	438748.00000
19.30729	-0.02752	438940.00000
19.35703	-0.02757	439131.00000
19.40651	-0.02878	439321.00000
19.45729	-0.02933	439516.00000
19.50703	-0.03089	439707.00000
19.55755	-0.03158	439901.00000
19.60729	-0.03295	440092.00000
19.65729	-0.03429	440284.00000
19.70755	-0.03618	440477.00000
19.75677	-0.03777	440666.00000
19.80651	-0.03925	440857.00000
19.85651	-0.04146	441049.00000
19.90729	-0.04326	441244.00000
19.95703	-0.04562	441435.00000
20.00625	-0.04807	441624.00000
20.05625	-0.05152	441816.00000
20.10651	-0.05421	442009.00000
20.15573	-0.05754	442198.00000
20.20599	-0.06155	442391.00000
20.25703	-0.06425	442587.00000
20.30703	-0.06956	442779.00000
20.35677	-0.07403	442970.00000
20.40703	-0.07944	443163.00000
20.45677	-0.08467	443354.00000
20.50703	-0.09122	443547.00000
20.55677	-0.09777	443738.00000
20.60703	-0.10581	443931.00000
20.65781	-0.11362	444126.00000
20.70729	-0.12131	444316.00000
20.75703	-0.12981	444507.00000
20.80547	-0.13883	444693.00000
20.85651	-0.14766	444889.00000
20.90703	-0.15813	445083.00000
20.95755	-0.16756	445277.00000
21.00703	-0.17667	445467.00000
21.05807	-0.18502	445663.00000
21.10911	-0.19152	445859.00000
21.15911	-0.19331	446051.00000
21.20885	-0.18836	446242.00000
21.25911	-0.17375	446435.00000
21.30781	-0.14252	446622.00000
21.35964	-0.08697	446821.00000
21.40964	-0.00803	447013.00000
21.45807	0.10273	447199.00000
21.50911	0.24496	447395.00000
21.55755	0.40130	447581.00000
21.60833	0.58147	447776.00000
21.65859	0.74146	447969.00000
21.70911	0.87634	448163.00000
21.75859	0.95889	448353.00000
21.80807	0.98309	448543.00000
21.85807	0.94628	448735.00000
21.90833	0.85712	448928.00000
21.95859	0.72262	449121.00000
22.00833	0.56212	449312.00000
22.05833	0.39100	449504.00000
22.10833	0.21771	449696.00000
22.15781	0.06109	449886.00000
22.20755	-0.07425	450077.00000
22.25781	-0.18541	450270.00000
22.30833	-0.26478	450464.00000
22.35703	-0.31751	450651.00000
22.40781	-0.35000	450846.00000
22.45833	-0.36141	451040.00000
22.50807	-0.35830	451231.00000
22.55807	-0.34453	451423.00000
22.60807	-0.32512	451615.00000
22.65755	-0.30453	451805.00000
22.70755	-0.28270	451997.00000
22.75729	-0.26029	452188.00000
22.80729	-0.23666	452380.00000
22.85677	-0.21560	452570.00000
22.90599	-0.19296	452759.00000
22.95651	-0.16882	452953.00000
23.00651	-0.14565	453145.00000
23.05677	-0.12328	453338.00000
23.10703	-0.10194	453531.00000
23.15729	-0.08478	453724.00000
23.20729	-0.07075	453916.00000
23.25755	-0.06118	454109.00000
23.30781	-0.05536	454302.00000
23.35755	-0.05229	454493.00000
23.40729	-0.05128	454684.00000
23.45729	-0.05152	454876.00000
23.50729	-0.05248	455068.00000
23.55625	-0.05225	455256.00000
23.60703	-0.05143	455451.00000
23.65703	-0.05021	455643.00000
23.70703	-0.04797	455835.00000
23.75729	-0.04678	456028.00000
23.80781	-0.04515	456222.00000
23.85755	-0.04434	456413.00000
23.90729	-0.04459	456604.00000
23.95729	-0.04555	456796.00000
24.00755	-0.04751	456989.00000
24.05755	-0.04904	457181.00000
24.10781	-0.05016	457374.00000
24.15729	-0.05184	457564.00000
24.20703	-0.05341	457755.00000
24.25703	-0.05433	457947.00000
24.30729	-0.05426	458140.00000
24.35755	-0.05311	458333.00000
24.40703	-0.05208	458523.00000
24.45703	-0.04893	458715.00000
24.50651	-0.04648	458905.00000
24.55703	-0.04317	459099.00000
24.60651	-0.03951	459289.00000
24.65703	-0.03453	459483.00000
24.70703	-0.03049	459675.00000
24.75651	-0.02547	459865.00000
24.80729	-0.01924	460060.00000
24.85729	-0.01497	460252.00000
24.90729	-0.01080	460444.00000
24.95755	-0.00787	460637.00000
25.00703	-0.00644	460827.00000
25.05677	-0.00697	461018.00000
25.10703	-0.00800	461211.00000
25.15573	-0.00972	461398.00000
25.20521	-0.01228	461588.00000
25.25547	-0.01574	461781.00000
25.30651	-0.01797	461977.00000
25.35703	-0.01886	462171.00000
25.40703	-0.01871	462363.00000
25.45729	-0.01822	462556.00000
25.50703	-0.01567	462747.00000
25.55755	-0.01311	462941.00000
25.60833	-0.01196	463136.00000
25.65755	-0.01032	463325.00000
25.70781	-0.01043	463518.00000
25.75755	-0.01132	463709.00000
25.80755	-0.01217	463901.00000
25.85755	-0.01360	464093.00000
25.90729	-0.01603	464284.00000
25.95729	-0.01661	464476.00000
26.00755	-0.01692	464669.00000
26.05755	-0.01608	464861.00000
26.10755	-0.01549	465053.00000
26.15729	-0.01428	465244.00000
26.20781	-0.01309	465438.00000
26.25703	-0.01129	465627.00000
26.30677	-0.00891	465818.00000
26.35651	-0.00808	466009.00000
26.40599	-0.00713	466199.00000
26.45651	-0.00589	466393.00000
26.50677	-0.00543	466586.00000
26.55703	-0.00526	466779.00000
26.60651	-0.00458	466969.00000
26.65677	-0.00515	467162.00000
26.70651	-0.00560	467353.00000
26.75677	-0.00596	467546.00000
26.80547	-0.00592	467733.00000
26.85651	-0.00604	467929.00000
26.90599	-0.00793	468119.00000
26.95625	-0.00907	468312.00000
27.00651	-0.01107	468505.00000
27.05677	-0.01246	468698.00000
27.10703	-0.01375	468891.00000
27.15677	-0.01458	469082.00000
27.20703	-0.01449	469275.00000
27.25729	-0.01502	469468.00000
27.30807	-0.01564	469663.00000
27.35729	-0.01561	469852.00000
27.40755	-0.01610	470045.00000
27.45781	-0.01598	470238.00000
27.50781	-0.01603	470430.00000
27.55755	-0.01560	470621.00000
27.60703	-0.01363	470811.00000
27.65755	-0.01296	471005.00000
27.70729	-0.01080	471196.00000
27.75755	-0.00810	471389.00000
27.80781	-0.00508	471582.00000
27.85807	-0.00017	471775.00000
27.90807	0.00317	471967.00000
27.95755	0.00677	472157.00000
28.00807	0.00625	472351.00000
28.05755	0.00537	472541.00000
28.10833	0.00294	472736.00000
28.15807	-0.00129	472927.00000
28.20833	-0.00612	473120.00000
28.25807	-0.01039	473311.00000
28.30807	-0.01436	473503.00000
28.35781	-0.01618	473694.00000
28.40807	-0.01686	473887.00000
28.45807	-0.01539	474079.00000
28.50755	-0.01383	474269.00000
28.55755	-0.01144	474461.00000
28.60729	-0.00987	474652.00000
28.65703	-0.00820	474843.00000
28.70651	-0.00749	475033.00000
28.75547	-0.00634	475221.00000
28.80651	-0.00685	475417.00000
28.85651	-0.00806	475609.00000
28.90547	-0.00927	475797.00000
28.95521	-0.00899	475988.00000
29.00651	-0.00994	476185.00000
29.05729	-0.00845	476380.00000
29.10651	-0.00823	476569.00000
29.15781	-0.00860	476766.00000
29.20807	-0.00787	476959.00000
29.25781	-0.00744	477150.00000
29.30729	-0.00682	477340.00000
29.35703	-0.00686	477531.00000
29.40729	-0.00785	477724.00000
29.45677	-0.00714	477914.00000
29.50651	-0.00718	478105.00000
29.55677	-0.00800	478298.00000
29.60781	-0.00789	478494.00000
29.65755	-0.00722	478685.00000
29.70755	-0.00613	478877.00000
29.75703	-0.00570	479067.00000
29.80729	-0.00467	479260.00000
29.85755	-0.00408	479453.00000
29.90755	-0.00448	479645.00000
29.95781	-0.00555	479838.00000
30.00703	-0.00648	480027.00000
30.05703	-0.00701	480219.00000
30.10599	-0.00834	480407.00000
30.15625	-0.00935	480600.00000
30.20573	-0.01070	480790.00000
30.25677	-0.01198	480986.00000
30.30703	-0.01271	481179.00000
30.35677	-0.01426	481370.00000
30.40703	-0.01546	481563.00000
30.45677	-0.01631	481754.00000
30.50651	-0.01841	481945.00000
30.55651	-0.01916	482137.00000
30.60625	-0.01981	482328.00000
30.65651	-0.02075	482521.00000
30.70625	-0.01997	482712.00000
30.75625	-0.02107	482904.00000
30.80677	-0.01984	483098.00000
30.85677	-0.02012	483290.00000
30.90677	-0.01926	483482.00000
30.95625	-0.01816	483672.00000
31.00677	-0.01826	483866.00000
31.05703	-0.01786	484059.00000
31.10677	-0.01650	484250.00000
31.15625	-0.01614	484440.00000
31.20599	-0.01576	484631.00000
31.25547	-0.01526	484821.00000
31.30286	-0.01567	485003.00000
31.35339	-0.01625	485197.00000
31.40417	-0.01705	485392.00000
31.45495	-0.01751	485587.00000
31.50625	-0.01848	485784.00000
31.55547	-0.02029	485973.00000
31.60651	-0.02145	486169.00000
31.65651	-0.02313	486361.00000
31.70495	-0.02554	486547.00000
31.75651	-0.02670	486745.00000
31.80651	-0.02849	486937.00000
31.85703	-0.02960	487131.00000
31.90677	-0.02948	487322.00000
31.95651	-0.02856	487513.00000
32.00729	-0.02621	487708.00000
32.05781	-0.02291	487902.00000
32.10755	-0.01749	488093.00000
32.15781	-0.01051	488286.00000
32.20755	-0.00074	488477.00000
32.25755	0.01343	488669.00000
32.30729	0.02916	488860.00000
32.35651	0.04941	489049.00000
32.40677	0.07240	489242.00000
32.45651	0.09382	489433.00000
32.50651	0.11521	489625.00000
32.55677	0.13090	489818.00000
32.60651	0.13849	490009.00000
32.65599	0.13731	490199.00000
32.70521	0.12356	490388.00000
32.75495	0.09997	490579.00000
32.80443	0.06808	490769.00000
32.85391	0.03107	490959.00000
32.90495	-0.00819	491155.00000
32.95573	-0.04332	491350.00000
33.00599	-0.07083	491543.00000
33.05521	-0.09075	491732.00000
33.10391	-0.10089	491919.00000
33.15417	-0.10323	492112.00000
33.20365	-0.09984	492302.00000
33.25391	-0.09265	492495.00000
33.30417	-0.08107	492688.00000
33.35495	-0.06878	492883.00000
33.40417	-0.05700	493072.00000
33.45286	-0.04592	493259.00000
33.50339	-0.03741	493453.00000
33.55339	-0.02993	493645.00000
33.60469	-0.02586	493842.00000
33.65339	-0.02242	494029.00000
33.70313	-0.01989	494220.00000
33.75365	-0.01856	494414.00000
33.80313	-0.01704	494604.00000
33.85339	-0.01463	494797.00000
33.90365	-0.01189	494990.00000
33.95339	-0.00880	495181.00000
34.00312	-0.00592	495372.00000
34.05156	-0.00380	495558.00000
34.10339	-0.00186	495757.00000
34.15052	-0.00163	495938.00000
34.20286	-0.00327	496139.00000
34.25443	-0.00451	496337.00000
34.30286	-0.00727	496523.00000
34.35286	-0.00985	496715.00000
34.40313	-0.01225	496908.00000
34.45234	-0.01441	497097.00000
34.50234	-0.01669	497289.00000
34.55286	-0.01802	497483.00000
34.60234	-0.01791	497673.00000
34.65260	-0.01754	497866.00000
34.70313	-0.01623	498060.00000
34.75260	-0.01570	498250.00000
34.80052	-0.01489	498434.00000
34.85104	-0.01536	498628.00000
34.89922	-0.01503	498813.00000
34.95365	-0.01581	499022.00000
35.00156	-0.01643	499206.00000
35.05078	-0.01755	499395.00000
35.10234	-0.01744	499593.00000
35.15104	-0.01786	499780.00000
35.20313	-0.01939	499980.00000
35.25312	-0.01903	500172.00000
35.30260	-0.02025	500362.00000
35.35234	-0.02114	500553.00000
35.40260	-0.02208	500746.00000
35.45078	-0.02325	500931.00000
35.50182	-0.02299	501127.00000
35.55000	-0.02393	501312.00000
35.60234	-0.02423	501513.00000
35.65182	-0.02448	501703.00000
35.70208	-0.02442	501896.00000
35.75260	-0.02367	502090.00000
35.80260	-0.02335	502282.00000
35.85156	-0.02302	502470.00000
35.90026	-0.02392	502657.00000
35.95208	-0.02459	502856.00000
35.99922	-0.02691	503037.00000
36.05234	-0.02975	503241.00000
36.10156	-0.03261	503430.00000
36.15208	-0.03632	503624.00000
36.20339	-0.03848	503821.00000
36.25234	-0.04119	504009.00000
36.30208	-0.04215	504200.00000
36.35234	-0.04128	504393.00000
36.40234	-0.04193	504585.00000
36.45130	-0.04088	504773.00000
36.50260	-0.04009	504970.00000
36.54792	-0.03987	505144.00000
36.60286	-0.03904	505355.00000
36.65000	-0.03928	505536.00000
36.70313	-0.03989	505740.00000
36.75234	-0.04124	505929.00000
36.80339	-0.04317	506125.00000
36.85260	-0.04374	506314.00000
36.90156	-0.04599	506502.00000
36.95260	-0.04914	506698.00000
37.00156	-0.05352	506886.00000
37.05234	-0.05973	507081.00000
37.10234	-0.06730	507273.00000
37.15260	-0.07680	507466.00000
37.20182	-0.08575	507655.00000
37.25234	-0.09582	507849.00000
37.30260	-0.10372	508042.00000
37.35182	-0.11040	508231.00000
37.40208	-0.11363	508424.00000
37.45156	-0.11476	508614.00000
37.50078	-0.11283	508803.00000
37.55104	-0.10757	508996.00000
37.60156	-0.09933	509190.00000
37.65078	-0.08718	509379.00000
37.70260	-0.07349	509578.00000
37.75052	-0.05702	509762.00000
37.80000	-0.03851	509952.00000
37.85026	-0.01665	510145.00000
37.89974	0.00645	510335.00000
37.95182	0.03224	510535.00000
38.00000	0.05739	510720.00000
38.05260	0.08306	510922.00000
38.09922	0.10588	511101.00000
38.15339	0.12641	511309.00000
38.20260	0.14201	511498.00000
38.25391	0.15251	511695.00000
38.30495	0.15699	511891.00000
38.35312	0.15761	512076.00000
38.40417	0.15161	512272.00000
38.45443	0.14388	512465.00000
38.50573	0.13342	512662.00000
38.55521	0.12038	512852.00000
38.60495	0.10677	513043.00000
38.65521	0.09330	513236.00000
38.70521	0.07954	513428.00000
38.75469	0.06658	513618.00000
38.80573	0.05501	513814.00000
38.85573	0.04494	514006.00000
38.90573	0.03598	514198.00000
38.95573	0.02718	514390.00000
39.00547	0.01960	514581.00000
39.05521	0.01369	514772.00000
39.10547	0.00824	514965.00000
39.15573	0.00451	515158.00000
39.20599	0.00104	515351.00000
39.25547	-0.00076	515541.00000
39.30599	-0.00198	515735.00000
39.35521	-0.00301	515924.00000
39.40469	-0.00268	516114.00000
39.45443	-0.00311	516305.00000
39.50495	-0.00388	516499.00000
39.55417	-0.00572	516688.00000
39.60469	-0.00789	516882.00000
39.65521	-0.00999	517076.00000
39.70417	-0.01223	517264.00000
39.75469	-0.01390	517458.00000
39.80547	-0.01486	517653.00000
39.85521	-0.01439	517844.00000
39.90521	-0.01289	518036.00000
39.95521	-0.01050	518228.00000
40.00417	-0.00643	518416.00000
40.05495	-0.00202	518611.00000
40.10417	0.00268	518800.00000
40.15417	0.00721	518992.00000
40.20469	0.01203	519186.00000
40.25495	0.01669	519379.00000
40.30599	0.02206	519575.00000
40.35521	0.02706	519764.00000
40.40625	0.03300	519960.00000
40.45599	0.04070	520151.00000
40.50599	0.04814	520343.00000
40.55495	0.05504	520531.00000
40.60495	0.06249	520723.00000
40.65573	0.06987	520918.00000
40.70521	0.07565	521108.00000
40.75312	0.08007	521292.00000
40.80417	0.08343	521488.00000
40.85547	0.08422	521685.00000
40.90521	0.08408	521876.00000
40.95573	0.08209	522070.00000
41.00651	0.07894	522265.00000
41.05625	0.07497	522456.00000
41.10677	0.07015	522650.00000
41.15573	0.06372	522838.00000
41.20625	0.05584	523032.00000
41.25573	0.04662	523222.00000
41.30547	0.03632	523413.00000
41.35599	0.02405	523607.00000
41.40573	0.01118	523798.00000
41.45599	-0.00362	523991.00000
41.50599	-0.01743	524183.00000
41.55573	-0.03125	524374.00000
41.60443	-0.04442	524561.00000
41.65469	-0.05557	524754.00000
41.70521	-0.06640	524948.00000
41.75469	-0.07483	525138.00000
41.80469	-0.08139	525330.00000
41.85443	-0.08822	525521.00000
41.90573	-0.09285	525718.00000
41.95495	-0.09704	525907.00000
42.00573	-0.10035	526102.00000
42.05625	-0.10265	526296.00000
42.10547	-0.10516	526485.00000
42.15599	-0.10638	526679.00000
42.20573	-0.10619	526870.00000
42.25521	-0.10523	527060.00000
42.30547	-0.10402	527253.00000
42.35443	-0.10084	527441.00000
42.40547	-0.09787	527637.00000
42.45547	-0.09399	527829.00000
42.50495	-0.09031	528019.00000
42.55521	-0.08500	528212.00000
42.60469	-0.08012	528402.00000
42.65495	-0.07448	528595.00000
42.70521	-0.06818	528788.00000
42.75495	-0.06269	528979.00000
42.80495	-0.05720	529171.00000
42.85521	-0.05254	529364.00000
42.90547	-0.04749	529557.00000
42.95521	-0.04266	529748.00000
43.00417	-0.03789	529936.00000
43.05547	-0.03563	530133.00000
43.10599	-0.03326	530327.00000
43.15573	-0.03085	530518.00000
43.20625	-0.02966	530712.00000
43.25625	-0.02909	530904.00000
43.30599	-0.02757	531095.00000
43.35677	-0.02710	531290.00000
43.40651	-0.02527	531481.00000
43.45677	-0.02308	531674.00000
43.50651	-0.02228	531865.00000
43.55703	-0.02071	532059.00000
43.60729	-0.02039	532252.00000
43.65677	-0.01901	532442.00000
43.70651	-0.01858	532633.00000
43.75625	-0.01902	532824.00000
43.80625	-0.01863	533016.00000
43.85651	-0.01899	533209.00000
43.90651	-0.01871	533401.00000
43.95651	-0.01826	533593.00000
44.00625	-0.01786	533784.00000
44.05599	-0.01651	533975.00000
44.10521	-0.01541	534164.00000
44.15547	-0.01484	534357.00000
44.20599	-0.01353	534551.00000
44.25625	-0.01275	534744.00000
44.30547	-0.01318	534933.00000
44.35443	-0.01235	535121.00000
44.40521	-0.01307	535316.00000
44.45625	-0.01279	535512.00000
44.50599	-0.01182	535703.00000
44.55599	-0.01107	535895.00000
44.60599	-0.01030	536087.00000
44.65651	-0.00982	536281.00000
44.70625	-0.00831	536472.00000
44.75599	-0.00703	536663.00000
44.80599	-0.00697	536855.00000
44.85573	-0.00635	537046.00000
44.90495	-0.00626	537235.00000
44.95521	-0.00628	537428.00000
45.00547	-0.00652	537621.00000
45.05547	-0.00716	537813.00000
45.10547	-0.00792	538005.00000
45.15521	-0.00805	538196.00000
45.20625	-0.00803	538392.00000
45.25677	-0.00710	538586.00000
45.30625	-0.00736	538776.00000
45.35599	-0.00665	538967.00000
45.40651	-0.00667	539161.00000
45.45547	-0.00671	539349.00000
45.50573	-0.00747	539542.00000
45.55547	-0.00823	539733.00000
45.60625	-0.00897	539928.00000
45.65573	-0.00966	540118.00000
45.70625	-0.00950	540312.00000
45.75547	-0.00988	540501.00000
45.80547	-0.00939	540693.00000
45.85547	-0.00869	540885.00000
45.90599	-0.00786	541079.00000
45.95547	-0.00760	541269.00000
46.00573	-0.00682	541462.00000
46.05547	-0.00528	541653.00000
46.10495	-0.00440	541843.00000
46.15547	-0.00461	542037.00000
46.20625	-0.00468	542232.00000
46.25703	-0.00482	542427.00000
46.30677	-0.00450	542618.00000
46.35625	-0.00553	542808.00000
46.40651	-0.00451	543001.00000
46.45677	-0.00502	543194.00000
46.50651	-0.00502	543385.00000
46.55599	-0.00558	543575.00000
46.60651	-0.00668	543769.00000
46.65729	-0.00734	543964.00000
46.70703	-0.00729	544155.00000
46.75677	-0.00746	544346.00000
46.80651	-0.00837	544537.00000
46.85599	-0.00868	544727.00000
46.90599	-0.00937	544919.00000
46.95599	-0.00951	545111.00000
47.00625	-0.00996	545304.00000
47.05677	-0.01037	545498.00000
47.10755	-0.01094	545693.00000
47.15703	-0.01134	545883.00000
47.20677	-0.01286	546074.00000
47.25729	-0.01349	546268.00000
47.30703	-0.01444	546459.00000
47.35651	-0.01477	546649.00000
47.40651	-0.01403	546841.00000
47.45729	-0.01404	547036.00000
47.50729	-0.01220	547228.00000
47.55703	-0.01178	547419.00000
47.60625	-0.01046	547608.00000
47.65651	-0.00902	547801.00000
47.70625	-0.00851	547992.00000
47.75651	-0.00833	548185.00000
47.80651	-0.00754	548377.00000
47.85677	-0.00830	548570.00000
47.90625	-0.00864	548760.00000
47.95573	-0.01019	548950.00000
48.00625	-0.01090	549144.00000
48.05677	-0.01226	549338.00000
48.10651	-0.01293	549529.00000
48.15677	-0.01416	549722.00000
48.20573	-0.01476	549910.00000
48.25677	-0.01522	550106.00000
48.30729	-0.01529	550300.00000
48.35677	-0.01591	550490.00000
48.40599	-0.01571	550679.00000
48.45677	-0.01654	550874.00000
48.50573	-0.01708	551062.00000
48.55625	-0.01671	551256.00000
48.60677	-0.01777	551450.00000
48.65651	-0.01810	551641.00000
48.70599	-0.01746	551831.00000
48.75573	-0.01673	552022.00000
48.80807	-0.01505	552223.00000
48.85703	-0.01506	552411.00000
48.90651	-0.01244	552601.00000
48.95833	-0.01077	552800.00000
49.00729	-0.00931	552988.00000
49.05729	-0.00813	553180.00000
49.10703	-0.00648	553371.00000
49.15729	-0.00510	553564.00000
49.20807	-0.00431	553759.00000
49.25833	-0.00471	553952.00000
49.30729	-0.00445	554140.00000
49.35781	-0.00493	554334.00000
49.40703	-0.00551	554523.00000
49.45703	-0.00614	554715.00000
49.50729	-0.00779	554908.00000
49.55677	-0.00807	555098.00000
49.60781	-0.00935	555294.00000
49.65729	-0.01074	555484.00000
49.70703	-0.01236	555675.00000
49.75651	-0.01287	555865.00000
49.80729	-0.01491	556060.00000
49.85625	-0.01713	556248.00000
49.90625	-0.01921	556440.00000
49.95625	-0.02079	556632.00000
50.00625	-0.02184	556824.00000
50.05651	-0.02285	557017.00000
50.10573	-0.02320	557206.00000
50.15547	-0.02246	557397.00000
50.20547	-0.02157	557589.00000
50.25625	-0.02044	557784.00000
50.30651	-0.01913	557977.00000
50.35625	-0.01737	558168.00000
50.40547	-0.01653	558357.00000
50.45599	-0.01584	558551.00000
50.50599	-0.01612	558743.00000
50.55599	-0.01633	558935.00000
50.60599	-0.01684	559127.00000
50.65573	-0.01706	559318.00000
50.70495	-0.01905	559507.00000
50.75469	-0.01990	559698.00000
50.80547	-0.02013	559893.00000
50.85599	-0.02120	560087.00000
50.90495	-0.02094	560275.00000
50.95547	-0.02039	560469.00000
51.00547	-0.01922	560661.00000
51.05521	-0.01746	560852.00000
51.10495	-0.01608	561043.00000
51.15469	-0.01429	561234.00000
51.20521	-0.01344	561428.00000
51.25547	-0.01160	561621.00000
51.30573	-0.01089	561814.00000
51.35599	-0.00913	562007.00000
51.40625	-0.00856	562200.00000
51.45599	-0.00803	562391.00000
51.50547	-0.00698	562581.00000
51.55521	-0.00805	562772.00000
51.60677	-0.00891	562970.00000
51.65703	-0.01011	563163.00000
51.70651	-0.01089	563353.00000
51.75677	-0.01223	563546.00000
51.80651	-0.01270	563737.00000
51.85651	-0.01271	563929.00000
51.90599	-0.01270	564119.00000
51.95521	-0.01220	564308.00000
52.00599	-0.01168	564503.00000
52.05625	-0.01162	564696.00000
52.10495	-0.01056	564883.00000
52.15521	-0.00974	565076.00000
52.20573	-0.00882	565270.00000
52.25573	-0.00811	565462.00000
52.30521	-0.00875	565652.00000
52.35547	-0.00811	565845.00000
52.40599	-0.00787	566039.00000
52.45651	-0.00841	566233.00000
52.50573	-0.00869	566422.00000
52.55495	-0.00849	566611.00000
52.60417	-0.00908	566800.00000
52.65391	-0.00914	566991.00000
52.70573	-0.00876	567190.00000
52.75807	-0.00854	567391.00000
52.80807	-0.00843	567583.00000
52.86094	-0.00856	567786.00000
52.90833	-0.00816	567968.00000
52.95703	-0.00897	568155.00000
53.00755	-0.00804	568349.00000
53.05781	-0.00767	568542.00000
53.10833	-0.00863	568736.00000
53.15781	-0.00909	568926.00000
53.20807	-0.00919	569119.00000
53.25807	-0.01050	569311.00000
53.30781	-0.01107	569502.00000
53.35729	-0.01242	569692.00000
53.40729	-0.01440	569884.00000
53.45729	-0.01615	570076.00000
53.50651	-0.01845	570265.00000
53.55573	-0.01933	570454.00000
53.60573	-0.02109	570646.00000
53.65521	-0.02187	570836.00000
53.70573	-0.02247	571030.00000
53.75625	-0.02275	571224.00000
53.80651	-0.02274	571417.00000
53.85703	-0.02232	571611.00000
53.90677	-0.02194	571802.00000
53.95599	-0.02252	571991.00000
54.00547	-0.02225	572181.00000
54.05495	-0.02221	572371.00000
54.10469	-0.02290	572562.00000
54.15417	-0.02317	572752.00000
54.20495	-0.02313	572947.00000
54.25521	-0.02357	573140.00000
54.30573	-0.02403	573334.00000
54.35599	-0.02368	573527.00000
54.40599	-0.02313	573719.00000
54.45625	-0.02185	573912.00000
54.50573	-0.02103	574102.00000
54.55521	-0.01947	574292.00000
54.60495	-0.01760	574483.00000
54.65391	-0.01616	574671.00000
54.70365	-0.01488	574862.00000
54.75443	-0.01323	575057.00000
54.80495	-0.01173	575251.00000
54.85521	-0.01008	575444.00000
54.90469	-0.00916	575634.00000
54.95469	-0.00819	575826.00000
55.00469	-0.00700	576018.00000
55.05443	-0.00633	576209.00000
55.10365	-0.00508	576398.00000
55.15391	-0.00498	576591.00000
55.20495	-0.00452	576787.00000
55.25521	-0.00427	576980.00000
55.30417	-0.00408	577168.00000
55.35443	-0.00488	577361.00000
55.40521	-0.00414	577556.00000
55.45417	-0.00426	577744.00000
55.50417	-0.00393	577936.00000
55.55365	-0.00301	578126.00000
55.60391	-0.00339	578319.00000
55.65339	-0.00243	578509.00000
55.70495	-0.00233	578707.00000
55.75651	-0.00257	578905.00000
55.80677	-0.00329	579098.00000
55.85651	-0.00434	579289.00000
55.90599	-0.00488	579479.00000
55.95469	-0.00648	579666.00000
56.00469	-0.00720	579858.00000
56.05495	-0.00793	580051.00000
56.10365	-0.00852	580238.00000
56.15443	-0.00872	580433.00000
56.20573	-0.00958	580630.00000
56.25547	-0.00947	580821.00000
56.30547	-0.00957	581013.00000
56.35573	-0.00986	581206.00000
56.40547	-0.01028	581397.00000
56.45495	-0.00949	581587.00000
56.50495	-0.00996	581779.00000
56.55469	-0.01027	581970.00000
56.60469	-0.00915	582162.00000
56.65495	-0.00838	582355.00000
56.70469	-0.00759	582546.00000
56.75417	-0.00682	582736.00000
56.80469	-0.00617	582930.00000
56.85495	-0.00592	583123.00000
56.90208	-0.00614	583304.00000
56.95391	-0.00656	583503.00000
57.00547	-0.00801	583701.00000
57.05469	-0.00874	583890.00000
57.10469	-0.01008	584082.00000
57.15417	-0.01140	584272.00000
57.20495	-0.01237	584467.00000
57.25547	-0.01276	584661.00000
57.30521	-0.01331	584852.00000
57.35547	-0.01300	585045.00000
57.40547	-0.01203	585237.00000
57.45443	-0.01127	585425.00000
57.50339	-0.01049	585613.00000
57.55365	-0.01011	585806.00000
57.60495	-0.01002	586003.00000
57.65365	-0.01024	586190.00000
57.70469	-0.01065	586386.00000
57.75599	-0.01047	586583.00000
57.80599	-0.01065	586775.00000
57.85625	-0.01119	586968.00000
57.90547	-0.01156	587157.00000
57.95443	-0.01074	587345.00000
58.00365	-0.01047	587534.00000
58.05365	-0.01051	587726.00000
58.10417	-0.01061	587920.00000
58.15443	-0.01063	588113.00000
58.20313	-0.00971	588300.00000
58.25312	-0.00914	588492.00000
58.30313	-0.00946	588684.00000
58.35260	-0.00924	588874.00000
58.40339	-0.00928	589069.00000
58.45313	-0.00929	589260.00000
58.50391	-0.00934	589455.00000
58.55521	-0.00991	589652.00000
58.60365	-0.01043	589838.00000
58.65339	-0.01067	590029.00000
58.70313	-0.01139	590220.00000
58.75286	-0.01211	590411.00000
58.80234	-0.01307	590601.00000
58.85208	-0.01462	590792.00000
58.90313	-0.01542	590988.00000
58.95130	-0.01626	591173.00000
59.00469	-0.01683	591378.00000
59.05339	-0.01725	591565.00000
59.10260	-0.01827	591754.00000
59.15156	-0.01827	591942.00000
59.20391	-0.01785	592143.00000
59.25443	-0.01737	592337.00000
59.30365	-0.01678	592526.00000
59.35312	-0.01548	592716.00000
59.40339	-0.01502	592909.00000
59.45417	-0.01391	593104.00000
59.50677	-0.01342	593306.00000
59.55677	-0.01210	593498.00000
59.60677	-0.01130	593690.00000
59.65677	-0.00995	593882.00000
59.70729	-0.00882	594076.00000
59.75729	-0.00838	594268.00000
59.80651	-0.00752	594457.00000
59.85729	-0.00584	594652.00000
59.90833	-0.00598	594848.00000
59.95833	-0.00529	595040.00000
60.00651	-0.00437	595225.00000
60.05807	-0.00427	595423.00000
60.10885	-0.00361	595618.00000
60.15833	-0.00310	595808.00000
60.20755	-0.00288	595997.00000
60.25807	-0.00206	596191.00000
60.30755	-0.00031	596381.00000
60.35729	0.00057	596572.00000
60.40729	0.00206	596764.00000
60.45651	0.00348	596953.00000
60.50625	0.00398	597144.00000
60.55625	0.00511	597336.00000
60.60625	0.00490	597528.00000
60.65651	0.00568	597721.00000
60.70599	0.00569	597911.00000
60.75573	0.00641	598102.00000
60.80625	0.00728	598296.00000
60.85573	0.00764	598486.00000
60.90573	0.00859	598678.00000
60.95599	0.00958	598871.00000
61.00599	0.01009	599063.00000
61.05625	0.01092	599256.00000
61.10573	0.01107	599446.00000
61.15625	0.01116	599640.00000
61.20599	0.01083	599831.00000
61.25651	0.01026	600025.00000
61.30651	0.00919	600217.00000
61.35625	0.00824	600408.00000
61.40651	0.00878	600601.00000
61.45599	0.00791	600791.00000
61.50599	0.00834	600983.00000
61.55573	0.00882	601174.00000
61.60599	0.00839	601367.00000
61.65573	0.00844	601558.00000
61.70573	0.00779	601750.00000
61.75625	0.00601	601944.00000
61.80651	0.00472	602137.00000
61.85599	0.00259	602327.00000
61.90547	0.00105	602517.00000
61.95573	-0.00083	602710.00000
62.00651	-0.00188	602905.00000
62.05573	-0.00467	603094.00000
62.10547	-0.00691	603285.00000
62.15573	-0.00920	603478.00000
62.20625	-0.01152	603672.00000
62.25651	-0.01375	603865.00000
62.30625	-0.01590	604056.00000
62.35599	-0.01735	604247.00000
62.40599	-0.01969	604439.00000
62.45599	-0.02138	604631.00000
62.50443	-0.02245	604817.00000
62.55443	-0.02387	605009.00000
62.60443	-0.02508	605201.00000
62.65443	-0.02601	605393.00000
62.70443	-0.02776	605585.00000
62.75495	-0.02872	605779.00000
62.80521	-0.03038	605972.00000
62.85521	-0.03106	606164.00000
62.90495	-0.03251	606355.00000
62.95469	-0.03238	606546.00000
63.00547	-0.03326	606741.00000
63.05495	-0.03281	606931.00000
63.10495	-0.03202	607123.00000
63.15521	-0.03164	607316.00000
63.20260	-0.03043	607498.00000
63.25339	-0.02964	607693.00000
63.30391	-0.02851	607887.00000
63.35651	-0.02786	608089.00000
63.40911	-0.02640	608291.00000
63.46120	-0.02589	608491.00000
63.50911	-0.02533	608675.00000
63.55807	-0.02448	608863.00000
63.60729	-0.02497	609052.00000
63.65677	-0.02423	609242.00000
63.70651	-0.02470	609433.00000
63.75755	-0.02383	609629.00000
63.80781	-0.02384	609822.00000
63.85729	-0.02303	610012.00000
63.90729	-0.02220	610204.00000
63.95729	-0.02252	610396.00000
64.00703	-0.02281	610587.00000
64.05729	-0.02336	610780.00000
64.10781	-0.02315	610974.00000
64.15729	-0.02290	611164.00000
64.20755	-0.02362	611357.00000
64.25807	-0.02233	611551.00000
64.30755	-0.02295	611741.00000
64.35755	-0.02270	611933.00000
64.40651	-0.02245	612121.00000
64.45573	-0.02266	612310.00000
64.50547	-0.02238	612501.00000
64.55573	-0.02158	612694.00000
64.60651	-0.02187	612889.00000
64.65677	-0.02182	613082.00000
64.70677	-0.02209	613274.00000
64.75625	-0.02258	613464.00000
64.80573	-0.02308	613654.00000
64.85573	-0.02339	613846.00000
64.90573	-0.02326	614038.00000
64.95625	-0.02353	614232.00000
65.00677	-0.02428	614426.00000
65.05625	-0.02351	614616.00000
65.10625	-0.02361	614808.00000
65.15547	-0.02318	614997.00000
65.20521	-0.02368	615188.00000
65.25573	-0.02441	615382.00000
65.30599	-0.02490	615575.00000
65.35599	-0.02589	615767.00000
65.40599	-0.02680	615959.00000
65.45677	-0.02741	616154.00000
65.50651	-0.02828	616345.00000
65.55651	-0.02861	616537.00000
65.60703	-0.02835	616731.00000
65.65729	-0.02860	616924.00000
65.70703	-0.02878	617115.00000
65.75729	-0.02882	617308.00000
65.80729	-0.02852	617500.00000
65.85781	-0.02866	617694.00000
65.90781	-0.02920	617886.00000
65.95729	-0.03035	618076.00000
66.00807	-0.03049	618271.00000
66.05755	-0.03192	618461.00000
66.10755	-0.03324	618653.00000
66.15703	-0.03402	618843.00000
66.20703	-0.03505	619035.00000
66.25599	-0.03727	619223.00000
66.30521	-0.03755	619412.00000
66.35521	-0.03973	619604.00000
66.40599	-0.04166	619799.00000
66.45573	-0.04247	619990.00000
66.50651	-0.04302	620185.00000
66.55677	-0.04373	620378.00000
66.60625	-0.04358	620568.00000
66.65521	-0.04328	620756.00000
66.70234	-0.04320	620937.00000
66.75391	-0.04187	621135.00000
66.80417	-0.04168	621328.00000
66.85365	-0.04122	621518.00000
66.90417	-0.04081	621712.00000
66.95443	-0.04121	621905.00000
67.00339	-0.04142	622093.00000
67.05469	-0.04302	622290.00000
67.10547	-0.04435	622485.00000
67.15391	-0.04565	622671.00000
67.20339	-0.04600	622861.00000
67.25286	-0.04649	623051.00000
67.30443	-0.04618	623249.00000
67.35495	-0.04511	623443.00000
67.40495	-0.04455	623635.00000
67.45469	-0.04315	623826.00000
67.50365	-0.04162	624014.00000
67.55391	-0.04031	624207.00000
67.60443	-0.03838	624401.00000
67.65365	-0.03732	624590.00000
67.70443	-0.03547	624785.00000
67.75521	-0.03504	624980.00000
67.80417	-0.03488	625168.00000
67.85443	-0.03414	625361.00000
67.90391	-0.03463	625551.00000
67.95443	-0.03515	625745.00000
68.00469	-0.03537	625938.00000
68.05391	-0.03608	626127.00000
68.10365	-0.03664	626318.00000
68.15365	-0.03703	626510.00000
68.20391	-0.03731	626703.00000
68.25391	-0.03699	626895.00000
68.30339	-0.03630	627085.00000
68.35417	-0.03527	627280.00000
68.40495	-0.03433	627475.00000
68.45521	-0.03263	627668.00000
68.50469	-0.03100	627858.00000
68.55443	-0.02891	628049.00000
68.60469	-0.02735	628242.00000
68.65417	-0.02597	628432.00000
68.70365	-0.02400	628622.00000
68.75365	-0.02339	628814.00000
68.80312	-0.02208	629004.00000
68.85443	-0.02193	629201.00000
68.90521	-0.02139	629396.00000
68.95443	-0.02207	629585.00000
69.00469	-0.02186	629778.00000
69.05391	-0.02171	629967.00000
69.10417	-0.02114	630160.00000
69.15417	-0.02083	630352.00000
69.20417	-0.02021	630544.00000
69.25365	-0.01896	630734.00000
69.30443	-0.01866	630929.00000
69.35547	-0.01852	631125.00000
69.40469	-0.01744	631314.00000
69.45469	-0.01626	631506.00000
69.50417	-0.01644	631696.00000
69.55365	-0.01554	631886.00000
69.60417	-0.01511	632080.00000
69.65547	-0.01555	632277.00000
69.70443	-0.01597	632465.00000
69.75469	-0.01588	632658.00000
69.80547	-0.01598	632853.00000
69.85391	-0.01696	633039.00000
69.90234	-0.01726	633225.00000
69.95208	-0.01702	633416.00000
70.00130	-0.01648	633605.00000
70.05339	-0.01566	633805.00000
70.10573	-0.01496	634006.00000
70.15703	-0.01372	634203.00000
70.20677	-0.01193	634394.00000
70.25677	-0.01117	634586.00000
70.30651	-0.00906	634777.00000
70.35625	-0.00775	634968.00000
70.40729	-0.00622	635164.00000
70.45859	-0.00613	635361.00000
70.50885	-0.00381	635554.00000
70.55859	-0.00383	635745.00000
70.60911	-0.00406	635939.00000
70.65885	-0.00373	636130.00000
70.70781	-0.00379	636318.00000
70.75755	-0.00349	636509.00000
70.80807	-0.00306	636703.00000
70.85781	-0.00274	636894.00000
70.90781	-0.00187	637086.00000
70.95729	-0.00224	637276.00000
71.00833	-0.00244	637472.00000
71.05755	-0.00284	637661.00000
71.10677	-0.00308	637850.00000
71.15703	-0.00396	638043.00000
71.20703	-0.00381	638235.00000
71.25729	-0.00504	638428.00000
71.30807	-0.00593	638623.00000
71.35833	-0.00630	638816.00000
71.40807	-0.00693	639007.00000
71.45755	-0.00830	639197.00000
71.50755	-0.00894	639389.00000
71.55729	-0.00988	639580.00000
71.60703	-0.01052	639771.00000
71.65729	-0.01101	639964.00000
71.70677	-0.01013	640154.00000
71.75625	-0.01030	640344.00000
71.80651	-0.00964	640537.00000
71.85651	-0.00853	640729.00000
71.90703	-0.00799	640923.00000
71.95651	-0.00683	641113.00000
72.00625	-0.00472	641304.00000
72.05729	-0.00305	641500.00000
72.10703	-0.00145	641691.00000
72.15677	-0.00009	641882.00000
72.20625	0.00104	642072.00000
72.25625	0.00314	642264.00000
72.30651	0.00455	642457.00000
72.35651	0.00498	642649.00000
72.40677	0.00417	642842.00000
72.45651	0.00507	643033.00000
72.50573	0.00482	643222.00000
72.55547	0.00400	643413.00000
72.60651	0.00342	643609.00000
72.65677	0.00124	643802.00000
72.70677	-0.00043	643994.00000
72.75651	-0.00199	644185.00000
72.80755	-0.00338	644381.00000
72.85703	-0.00489	644571.00000
72.90729	-0.00661	644764.00000
72.95755	-0.00804	644957.00000
73.00755	-0.00868	645149.00000
73.05807	-0.00919	645343.00000
73.10833	-0.00967	645536.00000
73.15807	-0.01056	645727.00000
73.20729	-0.01016	645916.00000
73.25703	-0.01026	646107.00000
73.30703	-0.01018	646299.00000
73.35651	-0.01037	646489.00000
73.40651	-0.01069	646681.00000
73.45703	-0.01073	646875.00000
73.50677	-0.01028	647066.00000
73.55651	-0.01126	647257.00000
73.60651	-0.01116	647449.00000
73.65703	-0.01147	647643.00000
73.70651	-0.01201	647833.00000
73.75599	-0.01233	648023.00000
73.80443	-0.01160	648209.00000
73.85156	-0.01232	648390.00000
73.90339	-0.01291	648589.00000
73.95495	-0.01248	648787.00000
74.00964	-0.01166	648997.00000
74.05964	-0.01181	649189.00000
74.10833	-0.01107	649376.00000
74.15781	-0.01066	649566.00000
74.20651	-0.01056	649753.00000
74.25755	-0.01047	649949.00000
74.30807	-0.00986	650143.00000
74.35807	-0.00969	650335.00000
74.40755	-0.01060	650525.00000
74.45755	-0.01025	650717.00000
74.50729	-0.01180	650908.00000
74.55677	-0.01239	651098.00000
74.60651	-0.01332	651289.00000
74.65599	-0.01494	651479.00000
74.70547	-0.01649	651669.00000
74.75495	-0.01760	651859.00000
74.80521	-0.01912	652052.00000
74.85469	-0.02022	652242.00000
74.90495	-0.02122	652435.00000
74.95443	-0.02259	652625.00000
75.00339	-0.02357	652813.00000
75.05365	-0.02470	653006.00000
75.10443	-0.02386	653201.00000
75.15339	-0.02509	653389.00000
75.20313	-0.02575	653580.00000
75.25312	-0.02501	653772.00000
75.30130	-0.02442	653957.00000
75.35286	-0.02338	654155.00000
75.40469	-0.02203	654354.00000
75.45286	-0.02113	654539.00000
75.50260	-0.01977	654730.00000
75.55339	-0.01776	654925.00000
75.60260	-0.01701	655114.00000
75.65443	-0.01565	655313.00000
75.70599	-0.01591	655511.00000
75.75469	-0.01565	655698.00000
75.80495	-0.01495	655891.00000
75.85417	-0.01592	656080.00000
75.90443	-0.01599	656273.00000
75.95417	-0.01626	656464.00000
76.00443	-0.01638	656657.00000
76.05469	-0.01594	656850.00000
76.10417	-0.01606	657040.00000
76.15417	-0.01507	657232.00000
76.20443	-0.01407	657425.00000
76.25469	-0.01234	657618.00000
76.30391	-0.01158	657807.00000
76.35417	-0.00974	658000.00000
76.40365	-0.00744	658190.00000
76.45365	-0.00534	658382.00000
76.50391	-0.00224	658575.00000
76.55417	0.00151	658768.00000
76.60417	0.00499	658960.00000
76.65443	0.00890	659153.00000
76.70339	0.01226	659341.00000
76.75417	0.01654	659536.00000
76.80521	0.01954	659732.00000
76.85365	0.02338	659918.00000
76.90260	0.02639	660106.00000
76.95313	0.02898	660300.00000
77.00339	0.03155	660493.00000
77.05339	0.03260	660685.00000
77.10391	0.03383	660879.00000
77.15234	0.03376	661065.00000
77.20391	0.03408	661263.00000
77.25469	0.03265	661458.00000
77.30391	0.03147	661647.00000
77.35234	0.03078	661833.00000
77.40365	0.02894	662030.00000
77.45417	0.02834	662224.00000
77.50339	0.02797	662413.00000
77.55391	0.02712	662607.00000
77.60365	0.02649	662798.00000
77.65286	0.02635	662987.00000
77.70443	0.02633	663185.00000
77.75521	0.02572	663380.00000
77.80312	0.02539	663564.00000
77.85286	0.02480	663755.00000
77.90182	0.02453	663943.00000
77.95313	0.02372	664140.00000
78.00365	0.02256	664334.00000
78.05391	0.02192	664527.00000
78.10443	0.02031	664721.00000
78.15417	0.01924	664912.00000
78.20443	0.01944	665105.00000
78.25365	0.01889	665294.00000
78.30417	0.01853	665488.00000
78.35417	0.01839	665680.00000
78.40443	0.01765	665873.00000
78.45391	0.01671	666063.00000
78.50391	0.01604	666255.00000
78.55443	0.01441	666449.00000
78.60417	0.01329	666640.00000
78.65391	0.01144	666831.00000
78.70417	0.00837	667024.00000
78.75469	0.00569	667218.00000
78.80339	0.00269	667405.00000
78.85391	-0.00182	667599.00000
78.90339	-0.00600	667789.00000
78.95391	-0.01059	667983.00000
79.00547	-0.01468	668181.00000
79.05391	-0.01884	668367.00000
79.10365	-0.02202	668558.00000
79.15286	-0.02607	668747.00000
79.20286	-0.02681	668939.00000
79.25208	-0.02847	669128.00000
79.30312	-0.02782	669324.00000
79.35104	-0.02775	669508.00000
79.40365	-0.02646	669710.00000
79.45391	-0.02578	669903.00000
79.50312	-0.02358	670092.00000
79.55208	-0.02181	670280.00000
79.60391	-0.02025	670479.00000
79.65365	-0.01908	670670.00000
79.70391	-0.01842	670863.00000
79.75182	-0.01796	671047.00000
79.80260	-0.01806	671242.00000
79.85469	-0.01832	671442.00000
79.90182	-0.01887	671623.00000
79.95260	-0.02054	671818.00000
80.00156	-0.02078	672006.00000
